#        weight    minuslogpost              H0           ombh2           omch2             tau          ln10As              ns          DVCH_n       DVCH_beta   minuslogprior minuslogprior__0            chi2 chi2__dvch_plik
              1       1398.0218       66.980421     0.022627673       0.1215339     0.054594731       3.0438353      0.95866751     0.090171248   0.00012582851      -18.805755       -18.805755        2833.655        2833.655
              9       1382.5618       67.110404     0.022578903      0.12044357     0.055743439       3.0484631      0.95668394     0.088741426   0.00012193655      -18.805755       -18.805755       2802.7351       2802.7351
              4       1382.4794       67.134596     0.022592915      0.12085459     0.055964085       3.0484905      0.95805896     0.090390179   0.00013052642      -18.805755       -18.805755       2802.5703       2802.5703
              3       1383.5479       67.121255     0.022604577      0.12081355     0.055983205       3.0482282      0.95798769     0.090348129   0.00013078101      -18.805755       -18.805755       2804.7073       2804.7073
              6       1383.0289       67.619814     0.022675477      0.12061948     0.055321036       3.0527519      0.95606738     0.087177683   0.00014713042      -18.805755       -18.805755       2803.6692       2803.6692
              1       1382.9091       67.619912     0.022675503      0.12061236     0.055301435       3.0527845      0.95604819     0.087158554   0.00014699917      -18.805755       -18.805755       2803.4297       2803.4297
              2       1382.8839        67.40674     0.022758937      0.12032378     0.055189328        3.053943      0.95754432     0.089428246   0.00014554854      -18.805755       -18.805755       2803.3793       2803.3793
             11       1377.5089       66.904783     0.022594136       0.1220983     0.055263212       3.0566734      0.95887359     0.085076081   0.00013664709      -18.805755       -18.805755       2792.6293       2792.6293
             11       1374.7226       66.748143     0.022574115      0.12160677     0.056052283       3.0528454      0.96119228     0.093970131   0.00013105855      -18.805755       -18.805755       2787.0566       2787.0566
              2       1373.6605       66.865333     0.022544412      0.12114078     0.055635279       3.0513001      0.96127217     0.092456884   0.00014049713      -18.805755       -18.805755       2784.9325       2784.9325
             10       1372.0665       67.029464     0.022561351      0.12101237     0.055946264       3.0526441      0.96052177     0.085765478   0.00013443688      -18.805755       -18.805755       2781.7445       2781.7445
              7        1369.283       67.313228     0.022425396      0.12031162     0.054742687       3.0476425      0.96563551     0.091997696   0.00012706662      -18.805755       -18.805755       2776.1775       2776.1775
