#        weight    minuslogpost              H0           ombh2           omch2             tau          ln10As              ns          DVCH_n       DVCH_beta    gal545_A_100    gal545_A_143 gal545_A_143_217    gal545_A_217   galf_EE_A_100 galf_EE_A_100_143 galf_EE_A_100_217   galf_EE_A_143 galf_EE_A_143_217   galf_EE_A_217   galf_TE_A_100 galf_TE_A_100_143 galf_TE_A_100_217   galf_TE_A_143 galf_TE_A_143_217   galf_TE_A_217      calib_100T      calib_217T   minuslogprior minuslogprior__0            chi2 chi2__dvch_plik
             62       1350.4014       67.423004      0.02248163       0.1201767     0.060339409        3.056973      0.96512122     0.084259932   0.00089070361       9.8028135       14.602747        24.220802        102.2334     0.063123798       0.051071203       0.072523386     0.089811581        0.16288766      0.49966222      0.15064855        0.14254597        0.34961181      0.14565661        0.72191872       2.2776584      0.99917829      0.99825096      -38.787501       -38.787501       2778.3778       2778.3778
             10       1350.4072       67.422714     0.022480937      0.12017786     0.060337486       3.0569712      0.96512338     0.084256362   0.00088989467       9.8022197       14.602346        24.220406       102.23958     0.063127219       0.051076653       0.072530737     0.089810169        0.16286593      0.49977073      0.15061978         0.1425647        0.34951939        0.145635        0.72191068       2.2775344      0.99917822      0.99825051      -38.786639       -38.786639       2778.3878       2778.3878
             16       1351.3197        67.44967     0.022475277      0.12008376     0.060548805       3.0574655      0.96485144      0.08456598   0.00097663389       9.8957749       14.591169        24.133099        102.3491     0.064198904       0.051193053        0.07097661      0.08872924        0.16367392      0.48992452      0.15265703        0.14235906        0.35320225      0.13507265         0.7202944       2.3264472      0.99929577      0.99819487      -38.689862       -38.689862       2780.0191       2780.0191
              9       1351.4647        67.45824     0.022482076      0.12009874     0.060647529       3.0576493       0.9648995     0.084840095   0.00097029558       9.9657929       14.593075        24.199227       102.30357     0.064531753        0.05117923       0.070199132     0.088788819        0.16339349      0.48628924      0.15327552        0.14321252        0.35545491      0.13291893        0.71894366       2.3205249      0.99935752      0.99818862      -38.694871       -38.694871       2780.3192       2780.3192
             50       1354.6091       67.376591     0.022503382      0.12030462     0.059646949       3.0582092      0.96511415     0.085253472   0.00081534092       9.8144859       14.804247        23.510543       100.83059     0.061899778       0.051147313       0.070719198     0.090177024        0.16475673      0.52373067      0.14466083        0.14156682        0.32355765      0.14028413        0.71869345       2.2312196      0.99897494      0.99858521      -37.657573       -37.657573       2784.5333       2784.5333
             74       1354.3187       67.373888     0.022548764      0.12034756     0.059727585       3.0578186      0.96532512      0.08470615   0.00098028145       9.8117714       14.870886        23.674413       101.51232     0.060343966       0.050855919       0.070373269     0.091065759        0.16307817       0.5325854      0.14347334        0.14091119        0.32660003      0.14731687        0.71600543       2.1714115       0.9989672      0.99858135      -37.845965       -37.845965       2784.3293       2784.3293
             67       1353.8386       67.362791     0.022527967      0.12036629     0.059592966       3.0576245      0.96521923     0.084315326   0.00099798906       9.7200788       14.909486         23.76031       101.76726     0.059775964       0.050786275       0.071263176     0.090672646        0.16294105      0.53869924       0.1430802        0.13865994        0.33054452        0.147366        0.71619276       2.2145727      0.99894649      0.99863756      -37.837716       -37.837716       2783.3526       2783.3526
             22        1356.818       67.434198     0.022589193      0.12043096     0.060492864       3.0587326      0.96619579     0.088046167   0.00076517968       10.503155       15.107183        24.766988       101.15309      0.05992018       0.050274012        0.06347097      0.09488445        0.15672664      0.52346941      0.13994242        0.15142749        0.32923553       0.1338704        0.69551059       1.9620427       0.9993351      0.99875099      -37.243901       -37.243901       2788.1238       2788.1238
            131       1356.7564       67.435028     0.022587169      0.12043044     0.060492538         3.05874      0.96619523     0.088028227   0.00076273949       10.500177        15.09762        24.755815       101.13311     0.059968492       0.050265128       0.063509834     0.094868979        0.15672811      0.52265945      0.13999489        0.15158433        0.32952949      0.13386765        0.69566671         1.96067      0.99933841      0.99874899      -37.265519       -37.265519       2788.0439       2788.0439
            105       1352.0922       67.290139       0.0224137      0.12025445      0.05936274       3.0550093      0.96444947     0.082905663   0.00078361243       9.6271398       15.648908        26.315658       105.09951     0.051726312       0.050646162       0.075070517      0.08697517        0.14810412      0.64885508      0.13685465        0.11262527        0.35139157      0.13046937        0.69098044       2.4775769      0.99901119      0.99871912      -36.861238       -36.861238       2777.9069       2777.9069
              8       1352.3424       67.307567     0.022391579      0.12026965     0.059670693       3.0552634      0.96456465       0.0831807   0.00071300453         9.80775       15.710351        26.714586        105.3433     0.052432916        0.05093126       0.073470802     0.086926067        0.14520133      0.63854378       0.1392901        0.11403311        0.36088144      0.12602126         0.6847456       2.4935103      0.99905167      0.99871377       -36.67406        -36.67406       2778.0329       2778.0329
            128       1352.4499       67.310481     0.022392689      0.12027896      0.05971322       3.0552862      0.96459092     0.083225852   0.00070945638       9.8210833       15.715242         26.77397       105.36639     0.052446189       0.050953611       0.073392284     0.086992573        0.14473274      0.63753467       0.1395101        0.11431588        0.36172291      0.12584522        0.68406606        2.493686      0.99905329      0.99871982       -36.64443        -36.64443       2778.1887       2778.1887
             26        1352.649       67.319901     0.022437909      0.12018549     0.059769392       3.0555522      0.96440969     0.083124433   0.00065630738       9.8099267       15.803374        26.379631       105.32766     0.052540366       0.050798248       0.072758634     0.087411681        0.14649567      0.62949642      0.14097722        0.11424727        0.36042308      0.12660573        0.68956145       2.5017591      0.99906802      0.99875268      -36.525543       -36.525543       2778.3491       2778.3491
             42       1353.5282       67.331627       0.0224725      0.12021829     0.059887461       3.0556134      0.96442047      0.08350307   0.00063990125       9.8692363       15.888383        26.643415       105.56673     0.052841606       0.050821997       0.071812693     0.087550064        0.14369422      0.62458588      0.14118606        0.11557788        0.36488065      0.12314301        0.68603928       2.5177244      0.99913418      0.99875716       -36.37891        -36.37891       2779.8143       2779.8143
             66       1354.0974       67.320795     0.022484863      0.12014437     0.059719189       3.0556766      0.96448074     0.083777275   0.00060978273       9.8160776       15.829565        26.448604       105.41422     0.052531845        0.05071707         0.0720936     0.087638906        0.14569105      0.62821327      0.13918435        0.11629822        0.35738982      0.12515149        0.68962394        2.472206      0.99910667      0.99872064      -36.610452       -36.610452       2781.4156       2781.4156
             81       1353.5443       67.298401     0.022405311      0.12051266     0.059171941       3.0558683      0.96456685     0.083765479   0.00081035785       9.7503504       15.775519        26.410481       105.60356     0.051258823       0.049835745       0.073082211     0.089354468        0.15213334      0.63830515      0.13391947        0.11329574        0.35586381      0.11485935        0.68989136        2.406126      0.99923978      0.99875585      -37.096253       -37.096253       2781.2811       2781.2811
              4       1353.5428       67.298564     0.022406207      0.12051205     0.059173182       3.0558671      0.96456727     0.083766653   0.00081054214       9.7514135       15.776418        26.412547       105.60409     0.051257245       0.049835416       0.073065056     0.089362627        0.15211461       0.6382463      0.13392155        0.11329591        0.35591606      0.11482653        0.68983957       2.4059933      0.99924093      0.99875604      -37.095652       -37.095652       2781.2768       2781.2768
             37       1353.5441       67.298584     0.022405969      0.12051176     0.059173203       3.0558681      0.96456754     0.083769037   0.00080935129       9.7508118       15.777318        26.412984       105.60009     0.051257709       0.049831688       0.073065124     0.089367457        0.15211732      0.63825169      0.13392002        0.11327914        0.35590118      0.11481593        0.68980968       2.4063057      0.99924052      0.99875675      -37.092112       -37.092112       2781.2724       2781.2724
             56       1353.5425       67.298298     0.022406428       0.1205055     0.059180496       3.0558682      0.96457331      0.08376996   0.00081049544       9.7500651       15.782973        26.425283       105.60327     0.051234425       0.049826035       0.073038546     0.089392161        0.15222069      0.63846623      0.13398617        0.11322464        0.35615022      0.11469194        0.68969708       2.4082635      0.99924027        0.998756       -37.08374        -37.08374       2781.2525       2781.2525
             31       1352.8387       67.246355     0.022318368      0.12051849     0.058695598       3.0554319      0.96465558     0.084371653   0.00079991883       9.2592737       15.586469        25.545004       103.25344      0.04944699       0.049331223       0.076540719     0.092560777        0.15446716      0.65545203      0.12441557        0.11258966        0.32831962      0.12890963        0.70229976       2.2038095      0.99919384      0.99868528      -37.808806       -37.808806       2781.2949       2781.2949
             12       1353.1046       67.246033     0.022304977      0.12052459     0.058678114       3.0552985      0.96467228     0.084180788    0.0008116925       9.2243409       15.627362        25.620487       103.30876     0.048985054       0.049169516       0.076542245     0.092612456        0.15440391      0.65628362      0.12410593        0.11203032        0.33088858       0.1289435          0.701522       2.2130929      0.99917695      0.99869639      -37.733864       -37.733864        2781.677        2781.677
             12       1353.3927       67.247742     0.022298611      0.12051191     0.058667522       3.0553219      0.96465626     0.084149039    0.0008087672       9.2134975       15.663706        25.623475       103.27455     0.048724296       0.049130769       0.076512643     0.092793253        0.15440882      0.65810908      0.12413694        0.11174481        0.33085365      0.12934949        0.70141251       2.2171759      0.99917463       0.9987197      -37.641763       -37.641763       2782.0689       2782.0689
             85       1353.1059       67.251657       0.0223057      0.12050386     0.058757483       3.0552812      0.96467559     0.084204177   0.00080447371       9.2530021       15.684567        25.705034       103.35878      0.04877922       0.049242916       0.076250976     0.092823721        0.15322614      0.65610436      0.12473575        0.11203873         0.3323887      0.12972239        0.70033547       2.2182333      0.99916695      0.99871951      -37.578811       -37.578811       2781.3694       2781.3694
              5       1353.3934       67.209151     0.022392643      0.12055382     0.058223368       3.0555352      0.96400239     0.082649802   0.00069092707       9.0414643       15.409818        25.254703       103.06884     0.050990662       0.050521402       0.080386112     0.088818865        0.15746949      0.66320568      0.12922795        0.10872116        0.32319018      0.13360453        0.70782926       2.3693898      0.99893693      0.99870513      -37.309817       -37.309817       2781.4065       2781.4065
             36       1353.5394        67.21496     0.022407118      0.12060272     0.058253364       3.0555195      0.96384296     0.082694716   0.00073741417       9.1162434        15.46858         25.35368       103.48145     0.051753628       0.050966537       0.080040096     0.088694726        0.15519449       0.6568432      0.13094109        0.10708231        0.32494196      0.13077521        0.70346831       2.4218567      0.99892596      0.99854241      -37.197986       -37.197986       2781.4747       2781.4747
             69       1353.4928       67.217461     0.022410828      0.12059683     0.058291582       3.0555856      0.96385225     0.082767799   0.00073785421       9.1332853       15.461442        25.340362       103.47973     0.051856939       0.050967247       0.079887372     0.088814493        0.15521415      0.65511633      0.13102577        0.10745475        0.32471019      0.13096005        0.70361586        2.417798      0.99894543      0.99854433      -37.259527       -37.259527       2781.5047       2781.5047
              5       1352.6349       67.237116     0.022415608      0.12057277     0.058505751        3.055703      0.96395146     0.083458271   0.00070224122       9.3881467       15.436379        25.391905       103.33391     0.052175354       0.051074205       0.077873462     0.088595297        0.15311362      0.64997412      0.13176972        0.11037682        0.32503655      0.13096119         0.7000059       2.3562995      0.99901942      0.99850408      -37.516182       -37.516182       2780.3022       2780.3022
