#        weight    minuslogpost              H0           ombh2           omch2             tau          ln10As              ns          DVCH_n       DVCH_beta    gal545_A_100    gal545_A_143 gal545_A_143_217    gal545_A_217   galf_EE_A_100 galf_EE_A_100_143 galf_EE_A_100_217   galf_EE_A_143 galf_EE_A_143_217   galf_EE_A_217   galf_TE_A_100 galf_TE_A_100_143 galf_TE_A_100_217   galf_TE_A_143 galf_TE_A_143_217   galf_TE_A_217      calib_100T      calib_217T   minuslogprior minuslogprior__0            chi2 chi2__dvch_plik
              1       1254.3744       67.847762     0.022315102      0.12039554     0.055607331       3.0518656       0.9739339     0.094002288   5.5736693e-05       7.2646266       11.005432        25.085832       93.499886     0.045924425       0.036307189       0.088874791     0.067163853        0.26783186       1.0387784     0.014642939       0.088046493        0.47626264      0.37174091        0.69320959       1.1025699       1.0001258      0.99819271      -34.396991       -34.396991       2577.5428       2577.5428
              1       1223.7789       67.753932     0.022446378      0.12025541     0.056526515       3.0550088       0.9750667     0.088872645   6.2413188e-05       8.1914695       11.273003        18.221462       97.294536     0.045419118       0.037256481       0.079439743     0.063437529        0.30099417      0.95979912    0.0087256857       0.092610877        0.52448961      0.36087046        0.67140649       1.0992867       1.0004733      0.99851961      -33.305646       -33.305646       2514.1691       2514.1691
              7       1222.7065       67.756077     0.022448756      0.12025569      0.05650174       3.0549683      0.97510299     0.088847902   6.2424174e-05       8.1728439       11.271097        18.254756       97.070354     0.045474097        0.03721563       0.079366802     0.063367481        0.30002522      0.95823752    0.0088013799       0.092506552        0.52577419      0.36018949        0.67096228        1.100653       1.0004649       0.9985286      -33.361286       -33.361286       2512.1355       2512.1355
              1       1218.7727       67.841433     0.022409447      0.12040096     0.056430018       3.0555885      0.97465527     0.089359985   6.0160321e-05       8.4339605       11.144361        18.884595       94.928291      0.04336671        0.03587672       0.082204489     0.067662583        0.29615361      0.88609557    0.0067611121       0.091315149        0.53545285      0.35099543        0.64131053       1.0589941         1.00068      0.99842332      -33.882176       -33.882176       2505.3098       2505.3098
              3       1219.0262       67.854413     0.022409844       0.1203875     0.056436484        3.055688      0.97467782     0.089525485   6.0041979e-05       8.4452197       11.166078        18.889544       94.673919     0.043089953       0.036122327       0.082136756     0.067976554        0.29662765      0.88576978    0.0069471715       0.092028921        0.53628901      0.35121008        0.64215407       1.0681815       1.0006713      0.99842466      -33.931527       -33.931527       2505.9155       2505.9155
              5       1201.0111       67.523815     0.022354769      0.12101106     0.056496262       3.0510121      0.97296295     0.098152112    6.150793e-05       9.1664152       10.500583        17.926346       92.275538     0.036991866       0.030410163       0.069068304     0.068882619        0.28349612      0.94579768    -0.013832349        0.10389935        0.60570519       0.3536315        0.68603348       1.2380912       1.0008724       0.9985637      -30.526653       -30.526653       2463.0755       2463.0755
              7        1191.107       67.473732     0.022363322      0.12055939     0.056575939       3.0531079       0.9720412     0.096630995   6.0521485e-05       9.5657876       10.747614        18.595572       91.883213     0.036797206       0.028556259       0.069715022       0.0719145        0.27927946      0.97506422   -0.0095758089        0.10123536        0.60677274      0.34030186        0.68731102       1.3463988       1.0008419      0.99855658      -31.208826       -31.208826       2444.6317       2444.6317
             20       1190.0565       67.469697     0.022343732      0.11944668     0.057486052       3.0511829      0.97308844     0.096807765   6.0116711e-05       8.5099831       10.337012        20.221555       98.533545     0.034659038       0.027083281       0.071422027     0.076499758        0.28059113      0.95950899   -0.0024438047       0.096001608        0.61050923      0.37357214        0.67247955       1.6409063       1.0011157      0.99881752      -30.240273       -30.240273       2440.5935       2440.5935
              1        1182.888       67.497997     0.022337721      0.11948615     0.057229027       3.0500754      0.97088494     0.099757727   5.6814364e-05       8.7121065       8.7144948        21.145242       97.874578     0.031993683       0.033244257       0.077691818     0.086440179        0.28898393       1.0696653   -0.0076849237       0.085335499        0.59540591      0.38761374        0.61505279       1.5080134       1.0007931      0.99866248      -28.501999       -28.501999         2422.78         2422.78
              3       1182.8562       67.472679     0.022351413      0.11957768     0.057332611       3.0500955      0.97107975     0.099351337   5.6674205e-05       8.8248555       8.6193544        21.364313       97.827728     0.032774996       0.033645166        0.07770243     0.085541872        0.28904674       1.0694693   -0.0063969667       0.084497375        0.59652918      0.38769314        0.61471587       1.5153954       1.0008043      0.99866267      -28.618789       -28.618789         2422.95         2422.95
              3       1181.1301       67.469117     0.022347351      0.11965413      0.05730067       3.0489063        0.971501     0.098175921   5.4253878e-05       8.8958622       8.7671205        19.586561       98.027007     0.031852092       0.035566645       0.080203318     0.086953636        0.28297631       1.0675549   -0.0097290213       0.090493181         0.6012794      0.39431252        0.61220539       1.5090661       1.0009014      0.99859097      -28.428629       -28.428629       2419.1175       2419.1175
              1       1179.5383       67.365424     0.022276431      0.12010819     0.055688899       3.0438698       0.9718263      0.10112796   5.3325136e-05       8.5012403       8.9389364        19.722668       95.325738     0.033628932       0.035702926       0.066666781     0.083498402        0.26121302       1.0560425     0.011475976       0.091634083        0.59751259       0.3585195        0.60685382       1.5168607       1.0008833      0.99873924      -31.466001       -31.466001       2422.0086       2422.0086
              6       1181.2429       67.334998     0.022242757      0.12002153      0.05560808        3.042904      0.97096269      0.10221453   5.6590415e-05       8.5425679        8.893538        18.857514       96.472446     0.031307176       0.035459287       0.072582768     0.086588845        0.25159924       1.0611169     0.011058005       0.097057929        0.61068079      0.35092658        0.62750101       1.5073485       1.0008772      0.99862625      -31.954744       -31.954744       2426.3952       2426.3952
             11       1177.0555       67.327061     0.022229838      0.11994124     0.055844525       3.0455401      0.97006724      0.10339163   5.2435198e-05       9.1800142       8.4785094        18.276588       97.334764     0.031964275       0.040534051        0.07144336     0.081837223        0.22942535       1.0947258     0.016135312       0.088522434        0.59874955      0.36139694        0.63725987       1.8187586       1.0009474      0.99856162      -31.993325       -31.993325       2418.0977       2418.0977
              9       1172.4085       67.290726       0.0221905      0.11998684     0.055732794       3.0473867      0.97009788       0.1019164   4.8081226e-05        9.124747       8.2788541        19.645648       97.280639     0.036213893       0.040462996       0.069996733     0.082365139        0.23269204        1.078248     0.013953886       0.083266493          0.629752       0.3553401        0.66719642        1.769459       1.0008858      0.99852825      -32.051178       -32.051178       2408.9193       2408.9193
