#        weight    minuslogpost              H0           ombh2           omch2             tau          ln10As              ns          DVCH_n       DVCH_beta    gal545_A_100    gal545_A_143 gal545_A_143_217    gal545_A_217   galf_EE_A_100 galf_EE_A_100_143 galf_EE_A_100_217   galf_EE_A_143 galf_EE_A_143_217   galf_EE_A_217   galf_TE_A_100 galf_TE_A_100_143 galf_TE_A_100_217   galf_TE_A_143 galf_TE_A_143_217   galf_TE_A_217      calib_100T      calib_217T   minuslogprior minuslogprior__0            chi2 chi2__dvch_plik
             26       1351.5001       66.753513       0.0223291      0.12141672     0.051135703       3.0376324      0.96790479     0.095884568   0.00041424002       11.028575       13.432105        20.759313       93.749851     0.066692516       0.050221044       0.084953074     0.081431539        0.15636465      0.48877796       0.1410617        0.12862862        0.47290546      0.21242536        0.79512259       1.9797638      0.99927738      0.99732968       -39.83283        -39.83283       2782.6658       2782.6658
             45        1351.515       66.754415     0.022335338      0.12139674     0.051137508       3.0377266      0.96796789     0.096083452   0.00040849811       11.024267       13.409923        20.691358       93.681559     0.066785557       0.050203504       0.084818671     0.081849742        0.15658743      0.48693791      0.14042451        0.12926654        0.47134727       0.2121907        0.79564433       1.9584583      0.99928867      0.99731815      -39.842774       -39.842774       2782.7155       2782.7155
             24        1351.646       66.709278     0.022222103       0.1215027     0.051258744       3.0378741      0.96817292       0.0961723   0.00049085238       10.837942       13.348214        20.068415       92.483808     0.065598477       0.051080223        0.08499639     0.083970358        0.15644726      0.51235466      0.13360125        0.13009721        0.44639173       0.2217063        0.79721059       1.9046192      0.99918363      0.99729687      -39.856029       -39.856029       2783.0042       2783.0042
              2       1351.6761       66.708877     0.022219854      0.12150635     0.051259499       3.0378852      0.96817343     0.096173762    0.0004922481       10.841271       13.349012        20.061924       92.492072     0.065593004       0.051089859       0.084962676     0.083980423        0.15647237      0.51232758      0.13360435        0.13016171        0.44629269      0.22169129        0.79732515       1.9044759      0.99918679       0.9972967      -39.856942       -39.856942       2783.0662       2783.0662
             26       1352.4242       66.695182     0.022285594      0.12160856     0.051204526       3.0373379      0.96815229     0.095875157   0.00060257704       10.727689       13.302438        20.409143       92.886513     0.065003289       0.050667193       0.085505971     0.084173238        0.15349704      0.50407835      0.13444063        0.12952964        0.45505927      0.22317517        0.79325408       1.8871409      0.99931382      0.99731312      -40.269843       -40.269843       2785.3882       2785.3882
              3       1350.2167       66.687241     0.022203764      0.12114087     0.051123452        3.037761       0.9682952     0.096004315   0.00062114183       10.888799       13.231572        20.104561       93.945347     0.066487306        0.05042763       0.081815565     0.085119634        0.15355772      0.48174154      0.13738849        0.12907338        0.46538218      0.21724642        0.78721552       1.8567486      0.99962365      0.99745822      -40.706516       -40.706516       2781.8464       2781.8464
             23       1350.0987       66.686608     0.022192499      0.12111949     0.051184651       3.0375836      0.96838908     0.095844277   0.00060066237       10.876384       13.269046        20.198974       93.946387     0.065419727        0.05044175       0.081747622     0.085103199        0.15324256       0.4876101      0.13628072        0.12846398         0.4656966       0.2198025         0.7870716       1.8466356       0.9995838      0.99743792      -40.701011       -40.701011       2781.5995       2781.5995
             24       1350.2859       66.687102     0.022198145      0.12110364     0.051199824       3.0375466      0.96840461     0.095957109    0.0005944155       10.910396       13.268866        20.199227        93.96265     0.065423374       0.050527227       0.081483421     0.085022264        0.15304482      0.48798782      0.13603797        0.12876488        0.46410941      0.21995053         0.7872348       1.8379191      0.99957981      0.99742513      -40.637393       -40.637393       2781.8466       2781.8466
              2       1350.7635        66.63333     0.022151633      0.12098781     0.051326331       3.0373156       0.9686489     0.095932639   0.00049399522       10.793151       13.911151        21.641832        94.28415      0.06114144       0.049855097       0.077675903     0.087775674        0.14147019       0.5081243      0.13314836        0.11900546         0.4856917      0.19899822        0.76667929       1.9759131      0.99954383      0.99754268      -40.540479       -40.540479        2782.608        2782.608
             46       1350.7808       66.633044     0.022145597      0.12098379     0.051340911       3.0372754      0.96866292     0.095864114    0.0004866496       10.787749        13.92029        21.675946       94.297998     0.061037444       0.049844818       0.077880538     0.087817685        0.14138635      0.50797539      0.13313976        0.11910121        0.48633599      0.19959957        0.76694309       1.9772415      0.99954607      0.99754351      -40.544882       -40.544882       2782.6513       2782.6513
             47       1351.5826       66.633174     0.022146315      0.12093787     0.051388709       3.0370506      0.96872742     0.095694134   0.00051661176       10.751211       13.848861        21.675096       93.884922     0.060980826       0.049748608        0.07806071     0.087150247        0.14318131      0.50659842      0.13324379        0.12032399        0.48650789      0.20273932        0.76776453       1.9589822      0.99953765      0.99753232      -40.664455       -40.664455       2784.4942       2784.4942
             37       1351.7255       66.613694      0.02215822      0.12115986     0.051100728       3.0367114      0.96881156     0.094767703   0.00024700721       10.739039       13.563491         20.95895       93.538322     0.062718298       0.051215326       0.081230105      0.08257285        0.14026122      0.51961649      0.13570828        0.12462876        0.46176595      0.21108117        0.78011855       1.8829984      0.99992855      0.99739747      -40.847061       -40.847061       2785.1451       2785.1451
             66       1351.5945       66.600207      0.02213655      0.12102574     0.050878099       3.0367789      0.96820579     0.094966193   0.00028135639       10.543174       13.851528        21.168499       93.415459     0.063230433       0.051141776        0.08249195     0.083206777        0.13804352      0.52572988       0.1350973        0.11773839        0.46250272      0.20019147        0.77935354        2.034153       0.9999664       0.9973001      -40.531916       -40.531916       2784.2528       2784.2528
              3        1351.429       66.586572     0.022098223      0.12098129     0.050678804       3.0367408      0.96802234     0.094325231   0.00030330025       10.350966       13.921761        21.109057       93.437648     0.062080597       0.050964994       0.083479166     0.083350245        0.13852131      0.53073596      0.13429465        0.11358624        0.46638255      0.19828802        0.78091596       2.1060081      0.99997523      0.99724535      -40.491144       -40.491144       2783.8404       2783.8404
             35       1351.4193       66.581611     0.022039209      0.12111397     0.050342979       3.0350708      0.96803436     0.092755623   0.00055656201       10.319815       14.207135        22.556868       96.705762     0.058764753       0.050667302       0.084319524     0.082478078        0.13822504      0.53131972      0.14158348         0.1114557        0.49498198      0.19688272        0.76368568       2.2533082      0.99976464      0.99713547      -39.944778       -39.944778       2782.7281       2782.7281
             42       1351.2067        66.58548     0.022059927      0.12102721     0.050317134       3.0350272      0.96792518     0.092918045    0.0005460828        10.37988       14.190907        22.408829       96.432318     0.059105547       0.050734877       0.084636318     0.082389906        0.13945251      0.52722074      0.14206075        0.11234473        0.48816908      0.20093295         0.7673765       2.2243605      0.99976689      0.99711756      -39.937555       -39.937555       2782.2886       2782.2886
              2       1353.2493       66.574609     0.021959705      0.12121221     0.049938746       3.0353789      0.96778479     0.093267058   0.00037371405       10.361334       14.021845        22.038177       94.913256     0.058057918        0.05126768       0.087422713     0.082045641        0.14539273      0.55001879      0.13918345         0.1120021        0.46355078      0.21287372        0.77472412       2.1774936      0.99958648      0.99708956      -40.143838       -40.143838       2786.7863       2786.7863
             48       1352.5602        66.63689     0.022037309      0.12127931     0.050451458        3.036282      0.96727513     0.094830544   0.00024618932       10.839573       13.938393        22.559131       96.454866     0.063288458       0.050706177       0.082380945     0.080221974        0.14972832      0.50327633      0.14985961        0.11772805        0.49792896      0.19206058        0.77501776       2.3086767       1.0000978      0.99729929       -40.15908        -40.15908       2785.4385       2785.4385
             53       1351.5582       66.611915     0.022170892      0.12132708     0.050194638       3.0360164      0.96734848      0.09476258   0.00036514784       10.716052       13.866324        22.886672       96.669969     0.064811666       0.050469839       0.082558391     0.079862378        0.14939935      0.50195975      0.14991875        0.11604672        0.50001463      0.18570058         0.7667793       2.3433965       1.0001164      0.99730152      -40.218925       -40.218925       2783.5542       2783.5542
              8       1351.0165        66.61559     0.022164848      0.12133157     0.050181743       3.0362916      0.96726553       0.0948462   0.00036507646       10.693465       13.895283        22.674264       96.433962      0.06457465       0.050403667       0.082488316     0.080169883         0.1497785      0.50128284      0.14931386        0.11582286        0.49971572      0.18416534        0.76886643       2.3445367       1.0000909      0.99728875      -40.183022       -40.183022        2782.399        2782.399
             72        1350.723        66.58125      0.02214221      0.12128395     0.049905436       3.0361631      0.96712366     0.094564733   0.00037639103       10.662654       13.837488        22.512469       97.206513     0.064702679       0.050326039       0.080818207     0.079365425        0.15080088      0.49339018      0.15240697        0.11381296        0.50656127      0.17874205        0.76167371       2.3734611      0.99984643      0.99732656      -40.013985       -40.013985        2781.474        2781.474
             19       1350.5142        66.57076     0.022157585      0.12130547     0.049714247       3.0364274      0.96710065      0.09533223   0.00022188252       10.615399       13.909312        22.049389       96.422098     0.064721726       0.050340951       0.081881716     0.080536652        0.15147204      0.50135291      0.14919176         0.1160374        0.48785566      0.18260047        0.76584665       2.2962441      0.99988937      0.99734372      -40.378236       -40.378236       2781.7848       2781.7848
             48       1350.5738       66.572252     0.022174395      0.12128156     0.049731733       3.0361043      0.96710688     0.095191889   0.00022492875       10.662759       13.864272        22.155075       96.425714     0.064520295       0.050270572       0.081719031     0.079989882        0.15203758      0.49602961      0.14996694         0.1173385        0.49178854      0.18400033        0.76758247        2.271291      0.99991916      0.99737657      -40.461044       -40.461044       2782.0697       2782.0697
             12       1350.4934       66.550558     0.022163887      0.12133585     0.049541755       3.0357246       0.9670441      0.09467627   0.00025234324       10.568047       13.863619         22.23785       96.102152     0.063663261       0.050242269       0.082962341     0.079130784         0.1527482      0.50966791      0.15008988        0.11464921        0.48990743      0.18856558          0.766594       2.2864071       0.9998249      0.99734513      -40.543995       -40.543995       2782.0749       2782.0749
             11       1351.4023       66.612341     0.022073687      0.12126989     0.049774793       3.0366073      0.96691568     0.094929638   0.00021466544       10.703627       14.291823        22.656512       96.201436     0.061359068       0.049963622       0.080775224     0.081106913        0.15023833      0.50954126      0.15342338        0.10918221        0.49672826      0.18358775        0.76209734       2.3844601      0.99991431      0.99720292      -39.682037       -39.682037       2782.1687       2782.1687
              7       1351.7714       66.584526      0.02207446      0.12131395     0.049544662       3.0363567      0.96695404     0.094489194   0.00013837129       10.513114       14.273721        22.696234       96.467548      0.06180118       0.049679536       0.081736709     0.080109255        0.14854834      0.51581555      0.15342723        0.10717567          0.497582      0.18227137        0.75681492        2.432751      0.99984176      0.99717478      -39.632341       -39.632341       2782.8075       2782.8075
             19       1352.0444       66.569357     0.022084345      0.12127109     0.049521317       3.0361944      0.96701572     0.093935368   0.00011117428       10.398813       14.300633        22.776783        96.99042     0.061781667        0.04979755       0.082381857     0.080335224        0.14980249      0.51615232      0.15283244        0.10541036        0.50293603       0.1803718        0.75597269       2.4998965      0.99986132      0.99719098      -39.564678       -39.564678       2783.2182       2783.2182
             19       1353.0973       66.523944     0.022067767      0.12116616     0.048785135       3.0350025      0.96704804     0.092083387   2.0568266e-05       9.7984946       14.488226        22.312756       96.328443     0.058017879       0.049518864       0.088150425     0.081229493        0.15074427      0.56005374      0.14565046       0.097256811        0.49405163      0.18978092        0.76339574       2.5159896      0.99951552      0.99720188      -39.625932       -39.625932       2785.4465       2785.4465
            161       1352.5739       66.519218     0.022031548      0.12124136     0.048842128       3.0347041      0.96691943      0.09198835    8.267846e-05       9.6607524       14.578965         22.54692       96.413497     0.057785084        0.04898912       0.089394308     0.081442131        0.15059836       0.5616353      0.14770797       0.093922042        0.49788802      0.19109626        0.76004369       2.5794918      0.99944009      0.99723852      -39.385265       -39.385265       2783.9183       2783.9183
             68       1352.2964        66.52514     0.022045364      0.12122923      0.04901059        3.034795      0.96702815     0.092637143   4.8925261e-05       9.8535715       14.639355        22.452457       96.246645      0.05764589       0.048991704       0.086881141      0.08145499        0.15104144      0.55218718      0.14894807       0.094543732        0.49922836      0.18945687         0.7582555       2.5572148      0.99949095      0.99723985      -39.346628       -39.346628        2783.286        2783.286
             16       1351.9596        66.52082     0.022094514      0.12131038     0.048858306       3.0350149      0.96672749     0.092892674    5.265541e-05        9.853933       14.446455         21.93409       95.932128      0.05953482       0.048978029       0.087763611     0.081040342        0.15399609      0.54116511      0.14914316        0.09682549        0.49428725      0.18853896         0.7632381       2.5274561      0.99954021      0.99710465      -39.401026       -39.401026       2782.7213       2782.7213
              4       1352.9012       66.505996      0.02214651      0.12134586     0.048807683       3.0351173      0.96687664     0.093120056   4.9136197e-05       9.8868925       14.449445        21.727542        96.10618     0.059115473        0.04941419        0.08761347     0.081348129        0.15285917      0.54722602      0.14683899       0.096673387         0.4915918      0.18432607        0.76509808       2.5059168      0.99957435      0.99711744      -39.468702       -39.468702       2784.7398       2784.7398
            133       1351.9045       66.546879     0.022127225      0.12138811     0.049472144       3.0362753      0.96683721     0.093595233   0.00020857412       9.9036564       14.343629        21.624387       96.613395      0.05851175       0.049677062       0.084483379     0.081965891        0.15917948      0.54627789      0.14792388        0.10095903        0.49623184      0.17001301        0.76951717       2.6374762      0.99970192      0.99723693      -39.682982       -39.682982        2783.175        2783.175
             17       1351.8608       66.554369     0.022075369      0.12136878     0.049774666       3.0348662      0.96735533     0.092832253   0.00017407586       9.9121898       14.736525        22.956978       98.250875     0.054342375       0.049358983       0.083752491     0.084864959        0.15841776      0.56452718      0.14445225       0.098794452        0.52162138       0.1666363        0.75734646       2.7215697      0.99972021      0.99752318      -39.593377       -39.593377       2782.9083       2782.9083
            105       1351.6008       66.537112     0.022109502      0.12139024     0.049511278       3.0334229      0.96794481     0.092562038     0.000191773         9.78721       14.468256         22.89703       97.921302     0.053505076       0.048835599       0.085262062     0.083084693        0.16133117      0.58262146      0.14316549       0.099654417        0.51986505       0.1775421        0.76175782       2.6063451      0.99957748      0.99749087      -40.258909       -40.258909       2783.7195       2783.7195
              5       1351.2945       66.516586      0.02209978      0.12148634     0.049318204       3.0332554      0.96802807     0.092164371    0.0003152853       9.7501155       14.340553        22.589805       97.436132     0.053201356       0.048807384       0.085838592     0.082864172        0.16428058      0.58627531      0.14332443       0.099662068        0.51163975      0.18383882        0.76237907       2.5349662      0.99961736      0.99750181      -40.769584       -40.769584       2784.1282       2784.1282
             20        1351.408        66.51469     0.022118748      0.12154194     0.049299957       3.0333431      0.96809053     0.092057476   0.00033853171       9.7212755        14.24743        22.461121       97.328817     0.053166261       0.048799205       0.086275594     0.082204566        0.16481589      0.59105911      0.14292869       0.099210282        0.51138577      0.18643621           0.76353       2.5314168      0.99962935      0.99746059      -40.851889       -40.851889       2784.5198       2784.5198
              2       1351.7576       66.537183     0.022142187      0.12158228     0.049485263       3.0334966       0.9680807     0.092424047   0.00029172231       9.8803304       14.230426        22.480089       97.327037     0.054237456       0.048714681       0.084446468     0.082140833        0.16367091      0.57900118      0.14465018        0.10122333        0.51529104      0.18207688        0.76235554       2.5185285      0.99970079      0.99743011      -40.799943       -40.799943       2785.1151       2785.1151
             25       1350.8419       66.533202     0.022081042      0.12156109     0.049403326        3.034063      0.96823715     0.092975824    0.0004404515       9.9563286       14.103533        22.014077       97.172986     0.055756297       0.049152807       0.083439888     0.083078523        0.16374517      0.57367671       0.1426184        0.10672553        0.50352864      0.17997412        0.76411166       2.4469337      0.99972169      0.99742535      -41.130464       -41.130464       2783.9447       2783.9447
              8       1350.8392       66.534982     0.022079918      0.12156825      0.04942253       3.0341095      0.96821152     0.093041391   0.00042786098        9.988641       14.085257        22.026753        97.14608     0.056068854       0.049180623       0.083278897     0.082968085        0.16367935       0.5714311      0.14303277        0.10707746         0.5034397      0.17994767        0.76382318       2.4435306      0.99972407      0.99742643      -41.134086       -41.134086       2783.9465       2783.9465
             14       1350.9877        66.53715     0.022075201      0.12157367      0.04951601       3.0342569      0.96832649     0.093119146   0.00044380638        10.05476       14.138112        22.172604       97.289453     0.055474205       0.049351714       0.083034634     0.083303929        0.16283827      0.57361073      0.14270682        0.10640935        0.50613505       0.1799367        0.76210618       2.4556054      0.99967009      0.99744572      -40.984384       -40.984384       2783.9441       2783.9441
