#        weight    minuslogpost              H0           ombh2           omch2             tau          ln10As              ns          DVCH_n       DVCH_beta    gal545_A_100    gal545_A_143 gal545_A_143_217    gal545_A_217   galf_EE_A_100 galf_EE_A_100_143 galf_EE_A_100_217   galf_EE_A_143 galf_EE_A_143_217   galf_EE_A_217   galf_TE_A_100 galf_TE_A_100_143 galf_TE_A_100_217   galf_TE_A_143 galf_TE_A_143_217   galf_TE_A_217      calib_100T      calib_217T   minuslogprior minuslogprior__0            chi2 chi2__dvch_plik
              1       1234.9868       67.322812     0.022254146      0.11985826     0.057310312       3.0408564       0.9604179      0.07984668   0.00012393821       8.1877579       12.299692        21.960211       103.72261      0.07450924       0.036349514        0.10752474     0.091223417        0.25581687      0.72705519      0.13271315        0.12113671        0.29205041      0.22484738        0.63791924         2.35906       1.0001622      0.99670186      -39.401772       -39.401772       2548.7772       2548.7772
              4       1235.8663       67.375693     0.022239182      0.11993569     0.057661081       3.0409167      0.96111854     0.080473952   0.00012280799       8.3864422       12.281937        23.534961       104.61795     0.074718263       0.036093775        0.10655653     0.091153828        0.25814485      0.73439995      0.12461459        0.12057259        0.29142275      0.22657033        0.64401582       2.3435196       1.0001283      0.99671571      -39.428495       -39.428495       2550.5897       2550.5897
              5       1209.8375       67.259581     0.022234218      0.11993838     0.057334709       3.0435655      0.96151781     0.077930106   0.00012291637       8.3052647       12.551436        23.970723        107.1477     0.075893588        0.03628071        0.10972964     0.096368916        0.24714859      0.73516246      0.11689597        0.12625596        0.29075288      0.21524582        0.65507643       2.4532818       1.0000454      0.99692648      -39.588071       -39.588071       2498.8511       2498.8511
              3       1174.6664       67.232118     0.022256474      0.12013515     0.056602579       3.0465757      0.96133268     0.079370885     0.000123017       8.5239472       12.448359        24.413196       101.91581     0.075072512       0.040140461        0.11246304     0.097754249         0.2664778      0.72344003      0.11295862        0.12960042        0.28058124      0.22657187        0.65302788       2.4677712      0.99993355      0.99689399      -39.057364       -39.057364       2427.4474       2427.4474
              1       1174.3161       67.220582      0.02226242      0.12009509     0.056573553       3.0463338      0.96170427     0.079160315   0.00012242263       8.3618372       12.465358        24.922236       101.17196     0.075084019       0.040015706        0.11279145     0.097659402        0.26747254      0.72218287      0.11499362        0.12937359        0.27850349      0.22631059        0.65611631       2.4612492       0.9999173      0.99688382       -38.98289        -38.98289        2426.598        2426.598
              2       1172.9435       67.089995     0.022230871      0.12006206     0.056700649       3.0479645      0.96159288     0.082571744   0.00011735984       8.1351001       12.666196        24.715436       97.671796     0.071786567       0.037872603        0.11204275     0.096782977        0.28154469      0.85585624      0.12046871         0.1283391        0.31459499       0.2045652        0.62819211       2.4752387      0.99981765      0.99705641      -39.535462       -39.535462        2424.958        2424.958
              2       1172.5066       66.990607     0.022229019      0.11984249     0.056058078       3.0477863      0.96106566     0.079006604   0.00011114059        8.238284        12.33104        25.517802       103.55097     0.068200612        0.03816605         0.1102001      0.09839563        0.29527479      0.89058118      0.11468932         0.1403391        0.31894166      0.20436726        0.64460007       2.2946249       1.0001874       0.9969346      -39.487106       -39.487106       2423.9873       2423.9873
              2       1170.7832       66.962447     0.022221247       0.1200821     0.056152629        3.046633      0.96049937     0.077746798   0.00011118472       8.1428247       12.238464        25.377922       102.72192     0.069264046       0.039482957        0.10998839     0.095924155        0.29403994      0.92610277      0.11297626        0.13767229        0.31577838      0.21012585         0.6565444       2.3128339       1.0001356      0.99694411      -39.362648       -39.362648       2420.2916       2420.2916
              4       1171.8643       67.071734     0.022319045      0.12007717     0.056397597        3.048127      0.96092628     0.077771434   0.00011406926       9.0230269       11.942966        24.987854       107.62876     0.062866079       0.040760315        0.10449304     0.093516518         0.2949643      0.95125548      0.13750431        0.13260841        0.29005141      0.19905252        0.69855394       2.1918346        1.000065      0.99736901      -40.309346       -40.309346       2424.3472       2424.3472
              3       1171.4415       67.044216     0.022302501       0.1199221     0.056315616       3.0477031      0.96123082      0.07766898   0.00011504637       8.7623181       11.954589        24.644873       106.64148     0.063148321       0.041130322        0.10538415      0.09364829        0.29278249       0.9426419      0.13915243        0.13138134        0.28701806      0.19740462        0.69722539       2.2088333       1.0000704      0.99733843      -40.333029       -40.333029        2423.549        2423.549
              4       1171.0837       67.051661     0.022308256      0.11992383     0.056511969       3.0469056      0.96131079      0.07794251   0.00011516243       8.7584854       11.913372        24.405658       105.95902      0.06333279       0.040812836        0.10622443      0.09438751          0.293656      0.94329354      0.13827981        0.13218748        0.28614315      0.19484623        0.69750673       2.2212734       1.0000451      0.99736622      -40.311964       -40.311964       2422.7913       2422.7913
              8       1172.0499       67.017803     0.022320916      0.11985459     0.056540952       3.0464938      0.96130079      0.07701437   0.00011505926       8.9321837       11.850983        24.348595       105.22558     0.063688947       0.040949538        0.10491166     0.094913939        0.29473266      0.94053442      0.13708287        0.12911404        0.28146321      0.19354048        0.70104433       2.2342271       1.0000566      0.99732279      -40.151259       -40.151259       2424.4024       2424.4024
              3       1165.0947       67.112709     0.022408802      0.11958912     0.057701695       3.0522317      0.96094154     0.079827673   0.00011762157       8.6850961       12.024665        21.689755       96.029178     0.066849877       0.042638008        0.10034578     0.089143981        0.27426409      0.92715999        0.146078        0.11471563         0.2381089      0.18409818        0.71663644       1.9980819       1.0003041      0.99773049      -40.291606       -40.291606       2410.7726       2410.7726
              3        1164.857       67.196125     0.022361682      0.12005591     0.057542172       3.0525033      0.96087187     0.080931064    0.0001191384       8.7666941       11.750149        22.338873       94.460132     0.066426735       0.042910928       0.099048707     0.097214289         0.2831504      0.90281207       0.1497418        0.11527425        0.21052363      0.18915586        0.72649093       1.9800123       1.0004103      0.99770957      -39.343356       -39.343356       2408.4007       2408.4007
              2       1159.6908       67.094232     0.022342253      0.12016039     0.057110751       3.0515189       0.9608861     0.082122845   0.00012545215       9.0966228       11.539894        22.038457       98.216213     0.064867042       0.039511853       0.097873073     0.091594002        0.27673563      0.88265357      0.14595417        0.11246341        0.18801248      0.19912904        0.71795233       2.0532103       1.0004162      0.99785106      -39.255037       -39.255037       2397.8916       2397.8916
              1       1161.0178       67.092179     0.022357226      0.12031357     0.056991095       3.0514881      0.96085708     0.081680416   0.00012859574       8.8261147       11.812213        23.065412       98.195904     0.067333264       0.040221724       0.097217601     0.091350321        0.28088291       0.8826996       0.1364499         0.1133462        0.17775876       0.2053838        0.71619263       1.9920079       1.0002981      0.99784747      -38.765205       -38.765205        2399.566        2399.566
              1       1161.0363       67.091955     0.022357908      0.12031602     0.056996641        3.051481      0.96086859      0.08169033    0.0001285618       8.8264931       11.813406        23.084024       98.240888     0.067359846       0.040231003       0.097311061     0.091384067        0.28065235      0.88287742      0.13654006        0.11333365        0.17758047      0.20584605        0.71629714        1.993423       1.0002988      0.99784647      -38.759051       -38.759051       2399.5906       2399.5906
             24        1161.196       67.031774     0.022364566      0.12080539     0.056502907       3.0526145       0.9615638     0.084436663    0.0001290953       9.2249844       11.847985        22.859132       97.298986     0.071052443        0.04050077       0.096759763     0.091594307        0.26891922      0.86285017      0.13715088        0.11721521        0.18414572      0.18226019        0.72149321       2.0211184       1.0002088      0.99772723      -38.968992       -38.968992       2400.3299       2400.3299
             21       1160.9685       66.988683     0.022417713      0.12066487     0.056895638       3.0531831      0.96089152      0.08326985   0.00012627128       9.1505254       12.352683        24.006573       99.601862     0.066881312       0.046417705       0.087528449     0.091705572        0.25678491      0.91212958      0.13392679        0.10639304        0.19088379      0.19104536        0.73480272       1.8196721       1.0004061      0.99763537      -38.695302       -38.695302       2399.3276       2399.3276
              2       1161.3499       66.987281     0.022419699      0.12071722     0.056943289       3.0535975      0.96080994     0.083465073   0.00012551686       9.0970387       12.359778        24.160972       99.705265     0.066825408          0.046175       0.087578925     0.091232504        0.25698678      0.91490768      0.13481021        0.10688101        0.18826645      0.19286321        0.73182056       1.8212634       1.0003973       0.9976226      -38.630596       -38.630596       2399.9611       2399.9611
              3       1163.9997       66.964994     0.022420059      0.12065761     0.056620174       3.0532997      0.96045098     0.082899092   0.00012432104       9.1514139       12.243842        24.572349       100.60559     0.067206909       0.046174573        0.08904163     0.093666667        0.25558907      0.89262155      0.13617358        0.10825164        0.19743089      0.19964511        0.72258893       1.7232155       1.0004031      0.99755404      -39.019432       -39.019432       2406.0382       2406.0382
              4       1160.4056       66.813865     0.022353661      0.12101299     0.056054921       3.0543486      0.96054717      0.08214819   0.00012432561       9.9862562       13.252459        21.350459       96.573569     0.065013633       0.044258884       0.095692765     0.088214712        0.24161201      0.89383368      0.14248816        0.12877149        0.22041939      0.18580109        0.71024816       1.8262593       1.0004218      0.99749121      -39.654001       -39.654001       2400.1191       2400.1191
              1       1160.4985       66.812675     0.022354697      0.12101548     0.056051284       3.0543317      0.96054563     0.082188167   0.00012433369       9.9800057       13.250957        21.377247       96.693936      0.06497855       0.044217409       0.095746162     0.088141725        0.24153651      0.89300538      0.14230262        0.12864105        0.22000057      0.18547466        0.71007985       1.8242914       1.0004234      0.99749084      -39.651935       -39.651935       2400.3008       2400.3008
              8       1159.6902       66.825831     0.022335497      0.12105421     0.055666121       3.0535802      0.96100281     0.082212368   0.00012607883       9.8075509       13.046181        21.185391       97.367927     0.061721462       0.041507659       0.099975988     0.089060164        0.25064651      0.89966791      0.13935466        0.12824721        0.22921598      0.20838597        0.68990591       1.8894779        1.000383      0.99757562      -40.330801       -40.330801       2400.0419       2400.0419
              2       1158.0632       66.772469     0.022344522      0.12111302     0.055735455       3.0527778      0.96158976     0.081704341   0.00012632103       9.7739177       13.324616        22.472559        97.65233      0.06307929       0.042046497        0.10068635     0.090087405        0.24884264      0.91262717      0.14137304         0.1293767        0.22595003      0.20573721        0.67346828       1.9520647       1.0003875      0.99760232      -39.964534       -39.964534       2396.0555       2396.0555
              2       1157.9376       66.742003     0.022330896      0.12125719     0.056474454       3.0530777      0.96126833     0.080713915   0.00012924913       10.090868       13.070336        23.040984       101.10854     0.062218192       0.043458568        0.10211455     0.090904548        0.25238666      0.93350714      0.13026378        0.13426268        0.21771537       0.2094479        0.67259308       1.9428938         1.00038       0.9975357      -39.446067       -39.446067       2394.7674       2394.7674
              4       1156.9553       66.767841     0.022327608      0.12121516     0.056675696       3.0531781      0.96124834     0.079997822   0.00013005717       10.061747       13.131389        24.014712       101.57746     0.061572535       0.042938896        0.10303672     0.090230262        0.25134566      0.93116368      0.13301772        0.13276463        0.22845056       0.2085709        0.67601831       1.9449475       1.0004187      0.99747496      -39.699898       -39.699898       2393.3104       2393.3104
              1       1157.4128       66.770278     0.022334893      0.12116932     0.056666819       3.0534084      0.96135389     0.080154038   0.00013041233       10.014361       13.110805          24.0036       101.30602     0.061644758       0.043040865         0.1038504     0.089870161        0.25107653      0.93288744      0.13296068        0.13356047        0.22776709      0.20897647        0.67772502       1.9566633       1.0004037      0.99746118      -39.679549       -39.679549       2394.1848       2394.1848
              2       1157.6709       66.805523      0.02234321      0.12146589     0.056991681       3.0523693      0.96213578     0.080400904   0.00012845344       10.246677       13.114391        23.466827       97.066399     0.062257721       0.042092658        0.10785119     0.090103824          0.245844      0.92374893      0.12684036        0.13783721        0.23466218      0.20701631        0.68131931       1.9248085       1.0005276      0.99749067      -39.874026       -39.874026       2395.0898       2395.0898
              4       1157.7431       66.800693     0.022336545      0.12156908     0.056996439       3.0527326      0.96217484     0.080821921   0.00012811143       10.156935       13.088346        23.353436       97.167594     0.061741722       0.041840334        0.10715351     0.090071904        0.24655678      0.93266052      0.12802373        0.14000247        0.23444005      0.20333289        0.67999675       1.9358129       1.0005556      0.99746881      -39.822649       -39.822649       2395.1315       2395.1315
              5       1157.3157       66.778035     0.022388029      0.12156184     0.057170562       3.0531467      0.96175896     0.080178643   0.00012581134       10.418935         12.9899        22.267405       99.449238     0.061196562       0.041005814        0.10768623      0.09097268        0.24490692      0.95265999      0.13219753        0.13991345        0.24238775      0.20230181        0.67492066       1.9524349        1.000546      0.99748477      -39.843315       -39.843315        2394.318        2394.318
             15       1157.6518       66.790507     0.022386268      0.12169643     0.057134927       3.0528985      0.96170138     0.080015467   0.00012581804        10.42652       12.936218        22.135213       98.885285     0.060566307       0.040980775        0.10826696     0.090729944         0.2469753      0.93960649      0.13447012        0.14166124        0.24258156      0.19954045        0.67631408       1.9142439       1.0004897      0.99746234      -39.947202       -39.947202        2395.198        2395.198
