#        weight    minuslogpost              H0           ombh2           omch2             tau          ln10As              ns          DVCH_n       DVCH_beta    gal545_A_100    gal545_A_143 gal545_A_143_217    gal545_A_217   galf_EE_A_100 galf_EE_A_100_143 galf_EE_A_100_217   galf_EE_A_143 galf_EE_A_143_217   galf_EE_A_217   galf_TE_A_100 galf_TE_A_100_143 galf_TE_A_100_217   galf_TE_A_143 galf_TE_A_143_217   galf_TE_A_217      calib_100T      calib_217T   minuslogprior minuslogprior__0            chi2 chi2__dvch_plik
              4       1202.5887       67.009834     0.022304685      0.12026833     0.052547154       3.0422915      0.96939187        0.087747   0.00011195238       8.3560669       8.9247452        25.338848       115.12166     0.050824156        0.05503561        0.07070474     0.094374781        0.29255643      0.74837377      0.18875038        0.13315017        0.41240416      0.13962782        0.71345164       2.0323598      0.99947731      0.99885772      -38.980546       -38.980546       2483.1386       2483.1386
              1       1182.3496       67.178803     0.022220052      0.12060771      0.05301562       3.0460179      0.96894522     0.087016615   0.00010856191       8.4950208        9.412304        24.757747       109.97199     0.056643914       0.062575547       0.065137315     0.090532077         0.2877632      0.79238165      0.17966357        0.13818392        0.43022546      0.18268339        0.67559732       2.1259477      0.99953792      0.99869965      -38.945119       -38.945119       2442.5894       2442.5894
              3        1163.906       67.066277     0.022186157      0.12008549     0.053955663       3.0431556      0.96816944     0.088198395   0.00011158725       9.3653796       9.3293942        25.634687        105.1531     0.058764547       0.057080373       0.069128743     0.083078354        0.26879372      0.78433529      0.18509257        0.13748584        0.42034484       0.2272784        0.67519941       1.9915075       0.9993654      0.99841497      -40.762588       -40.762588       2409.3372       2409.3372
              1        1164.295       66.971742     0.022186355      0.12005002     0.054301176       3.0425133      0.96953021     0.091272141   0.00010334253       9.0913927        9.210009        22.677589       96.756656     0.057989831        0.05608785       0.067511595     0.081440467        0.27725246      0.78418682       0.1838941        0.13320131         0.4466209      0.23078632        0.68621482       2.0394969      0.99934264      0.99844608      -40.923425       -40.923425       2410.4368       2410.4368
             14       1159.6061       66.916273     0.022152279      0.12008075     0.053553091       3.0423642      0.96933239     0.091169249    0.0001046457        9.162743       8.9150625        20.874694       95.837667     0.059118428       0.055588126       0.063604687     0.080349634        0.27656022      0.80056434      0.18871326        0.13271334        0.43708745      0.22248221        0.67029498       2.0208315      0.99933353      0.99844226      -40.403715       -40.403715       2400.0197       2400.0197
              3       1161.1411       66.899345     0.022155528      0.12007013     0.053497913        3.042344      0.96938049     0.091366682   0.00010449111       9.1484054       8.9657154        21.056534       95.880703     0.059474767       0.055857608       0.063116813     0.080117856        0.27535182      0.80655761      0.18853614        0.13292133        0.43696417      0.22134846        0.67381925       1.9969546      0.99933762      0.99843284       -40.40079        -40.40079       2403.0838       2403.0838
              5       1160.6504       66.916797     0.022180102       0.1198477     0.053718216       3.0402246       0.9689354     0.092428816   0.00010433729       8.8881545       9.1598896        20.361251       96.608996     0.057327781       0.056326866       0.067976041     0.076580181        0.27284568      0.80062242      0.19020225        0.12669108        0.44479534      0.23376291        0.67355753       1.8877199      0.99921015      0.99847941      -40.343424       -40.343424       2401.9876       2401.9876
              2       1158.5021       66.983675      0.02220371      0.12005287     0.053302897       3.0410544      0.96989769     0.092158761   0.00010615054       8.6450034       9.1132461        20.017437       96.639838      0.05898807       0.055691296       0.073206138     0.073399806        0.28273149      0.80724049      0.18053962         0.1242435        0.44341098      0.23340555        0.67954375       1.8080874      0.99938215      0.99847079      -40.880718       -40.880718       2398.7657       2398.7657
              1       1157.0134       67.074249     0.022178441      0.12017024     0.053930675       3.0408507      0.96966491     0.093324547   0.00010461515       8.5711026       8.7784036         19.10605       97.463859      0.05863804       0.054760367       0.072861237     0.076809031        0.27622826      0.81726328      0.17334969        0.12231823         0.4374692      0.22864514        0.67756708       1.7613536      0.99942085      0.99857485      -41.141056       -41.141056        2396.309        2396.309
              7        1158.049       67.055349     0.022169525      0.12019557     0.054115424       3.0406076      0.96947775     0.093200428   0.00010638647       8.5018589       8.7612865        18.394363       95.702681     0.059082605        0.05503016       0.072390653     0.076037546        0.27538514      0.82113834      0.17264988        0.12471992        0.43949338      0.22860864        0.68254363       1.7400749      0.99942495      0.99853548      -41.110429       -41.110429       2398.3188       2398.3188
             29       1156.7883       66.954486     0.022144522      0.12033925     0.053912319       3.0403882      0.97003955     0.092683434   0.00010420153       8.5225138       8.9199107        18.133081       94.709104     0.060765649       0.055693963       0.073271712     0.078757135        0.26629401      0.81934541      0.16651676        0.12068774        0.45418046      0.24318707        0.67088286       1.7240525      0.99947073      0.99852779      -41.434703       -41.434703       2396.4459       2396.4459
              1       1155.5949       66.943571     0.022108583      0.12016687     0.053626122       3.0408479      0.97074636      0.09354449    0.0001062152       8.4085496       8.7975442        17.862412        92.18561     0.061873531       0.053919448       0.070261942     0.082524915        0.27667877      0.79624208      0.16522887        0.11983137        0.46286185      0.25574927        0.67654205       1.7602297      0.99948585      0.99862116      -41.200838       -41.200838       2393.5915       2393.5915
