#        weight    minuslogpost              H0           ombh2           omch2             tau          ln10As              ns          DVCH_n       DVCH_beta    gal545_A_100    gal545_A_143 gal545_A_143_217    gal545_A_217   galf_EE_A_100 galf_EE_A_100_143 galf_EE_A_100_217   galf_EE_A_143 galf_EE_A_143_217   galf_EE_A_217   galf_TE_A_100 galf_TE_A_100_143 galf_TE_A_100_217   galf_TE_A_143 galf_TE_A_143_217   galf_TE_A_217      calib_100T      calib_217T   minuslogprior minuslogprior__0            chi2 chi2__dvch_plik
             33       1365.0102       65.959523     0.022220459      0.12298225     0.046966168       3.0371282      0.95797244     0.067266668   2.4412925e-05       5.9422926       10.353984        16.770159       88.715479     0.058865464       0.046441441         0.1273722     0.082341118        0.14124394      0.54868071      0.22480961        0.11976058        0.67155711     0.092252003        0.82482903       1.8741206       1.0000306       0.9969005      -32.922833       -32.922833       2795.8661       2795.8661
              5       1366.0137       65.930967     0.022141684      0.12313775     0.046777192       3.0379536      0.95805387     0.067307706   7.3291099e-06       6.0482581       9.9914237        16.195023       88.833226     0.060326541       0.047387102        0.12573285     0.081687459        0.14619463      0.53888449      0.22586472        0.12315166        0.66490452     0.089376671        0.82832731       1.8399362       1.0000957      0.99694698      -33.118465       -33.118465       2798.2644       2798.2644
             47       1366.2876       65.912821     0.022082576      0.12305521     0.046565082       3.0372649      0.95788778      0.06684271   3.5769535e-05       5.9639325        9.947584         16.41824       88.767829     0.059986172       0.047412992        0.12656179     0.080291476        0.14586171      0.54421721      0.22654876        0.12247497        0.66609245     0.092687882        0.82771841       1.8470355       1.0001503      0.99700046      -33.199039       -33.199039       2798.9732       2798.9732
             35       1364.8272       65.910508     0.022087898      0.12297786      0.04623463        3.036489      0.95889334     0.066583567   0.00011577689       5.8962004       10.102032         16.76822        89.23394     0.055128008       0.046209375        0.12564271      0.08289042        0.15061074      0.56812136      0.21882019         0.1214988         0.6700082     0.099053343        0.83105795       1.7383506      0.99993394      0.99702849      -33.979867       -33.979867       2797.6141       2797.6141
              3       1364.5067       65.920994     0.022151786      0.12295973     0.046248716       3.0364958      0.95907699     0.066804758   0.00016276525       5.9080514       10.152908        16.775364       89.149542     0.054712819       0.045950227        0.12537344     0.083570412        0.15037891      0.56853699      0.21877221        0.12189308        0.66804413      0.10075456         0.8304314       1.7172391       0.9998947        0.997012      -34.049236       -34.049236       2797.1119       2797.1119
             35       1365.6154       65.897804     0.022196625      0.12300064     0.046176147       3.0360855      0.95949577     0.066652166   0.00021448965       5.8435158       10.054847        16.863301       89.398634     0.053843345       0.045720436        0.12508959     0.084320766        0.15199294      0.57040454       0.2167606        0.12203994        0.67124174      0.10363361        0.82791272       1.6457468      0.99992725      0.99703952      -34.219793       -34.219793       2799.6703       2799.6703
             14        1364.337       65.880927      0.02203671      0.12305092     0.046307053       3.0355918      0.95990458     0.065784993   0.00031541516       5.4768592       10.277151        17.622802       89.338661     0.050610198       0.045044989         0.1271606     0.084803762        0.15116047      0.59110663      0.21586899        0.11315624        0.68052351      0.11147059        0.81754591       1.7378811      0.99985622      0.99727448      -34.524772       -34.524772       2797.7235       2797.7235
             86       1363.5757       65.876892     0.022077693      0.12306042     0.046399944       3.0356903      0.95978256     0.065572716    0.0003067116       5.4359872        10.33919        17.683019       89.194054     0.050228275       0.045327306        0.12781947     0.085087795        0.14906816      0.59528656      0.21594115        0.11113156        0.67715857       0.1129799        0.81628389       1.7650528      0.99975168      0.99719643      -34.291329       -34.291329       2795.7341       2795.7341
             11       1363.3196       65.869813      0.02209272      0.12305182     0.046319368       3.0357339      0.95967723     0.065536642    0.0002779557       5.4464289       10.296949        17.508181       89.280023     0.050626166       0.045471733        0.12788722     0.084707875        0.14917811      0.59583153      0.21595725        0.11114865        0.67409818      0.11227985         0.8179142         1.75961      0.99975223      0.99717757      -34.284801       -34.284801       2795.2088       2795.2088
             26       1363.3465       65.866124     0.022088795      0.12304583       0.0462921        3.035781      0.95970394     0.065533005   0.00027713677        5.422948       10.270472        17.455923        89.22067     0.050725006       0.045496067        0.12799694     0.084754546        0.14949872      0.59651659      0.21557111        0.11136552        0.67232624      0.11288047        0.81815394       1.7543517      0.99975459      0.99717557      -34.333428       -34.333428       2795.3598       2795.3598
             54       1363.4333       65.865344     0.022067057      0.12300852     0.046309872       3.0355806      0.95965651     0.065198407   0.00027189352       5.4028668       10.328114        17.545799       89.416994     0.050570199       0.045429554        0.12841227     0.084702825        0.14928641      0.59566915      0.21639394        0.11136209         0.6754956      0.11427319        0.81937891       1.7800065      0.99975766      0.99720781      -34.261107       -34.261107       2795.3888       2795.3888
             44       1363.4502       65.871892     0.022042694      0.12281973     0.046241104       3.0353875      0.96004665     0.065268027    0.0003141887       5.2921581       10.529803        17.915832       90.180603     0.049224383       0.044702768        0.12801704     0.086903042        0.14864086      0.59923422      0.21391357        0.10884655        0.68473216      0.10688324        0.81612363       1.8200798      0.99976966      0.99750559      -34.499938       -34.499938       2795.9004       2795.9004
             85       1363.3735       65.870304     0.022050084      0.12281753      0.04624475       3.0353408      0.96005401     0.065264757   0.00030382542       5.2865628       10.540103        17.940133       90.201658     0.049192043       0.044698665        0.12799562     0.086951337        0.14846557      0.59988284      0.21391892        0.10880415        0.68487545       0.1068636        0.81557845        1.823556       0.9997687       0.9975153      -34.511933       -34.511933       2795.7708       2795.7708
             73       1363.8333       65.870372     0.022051263      0.12279408     0.046246128       3.0353179      0.96003179     0.065348316   0.00027021476       5.3115596       10.604434        18.126701       89.989577     0.048474365       0.044709403        0.12831036     0.087436467        0.14723835      0.60879506      0.21380667        0.10716495        0.68134237      0.10849921        0.81339076       1.8156646      0.99984202      0.99745868      -34.618728       -34.618728        2796.904        2796.904
             65       1370.0565       66.020928     0.022034431      0.12286176     0.047709694       3.0338803       0.9605792     0.064434417   0.00059534929       5.8652573       11.815077        20.622272       96.251265     0.048959095        0.04426728        0.12006857     0.089387786        0.12413531      0.56785289      0.22442115         0.1046875        0.73607464     0.096100944        0.77832623       2.1532969       1.0001159      0.99749511       -32.73347        -32.73347       2805.5799       2805.5799
             11         1370.35       66.026247     0.022063113       0.1228443     0.047767979       3.0338506      0.96050517     0.064354356   0.00060255898        5.885726       11.823337        20.545459       96.590717      0.04932277       0.044050199        0.12005216     0.089503209        0.12454721      0.56132533      0.22547494        0.10552603        0.74251615     0.093370435        0.77844122       2.1756002       1.0001636      0.99755116      -32.479468       -32.479468        2805.659        2805.659
              3       1370.2707       66.023641     0.022206231      0.12273507     0.048056181       3.0337276      0.96079717     0.065355323   0.00060125284       5.9176706       11.696835        20.693664       96.940555     0.048863383       0.044262325        0.11792942     0.089882753        0.12370286      0.55765097      0.22184491        0.11050045        0.73574534     0.092879562        0.77906006       2.0686314       1.0003222       0.9978054      -33.340506       -33.340506       2807.2225       2807.2225
             72       1369.9876       66.020914      0.02220718      0.12272684     0.048003285       3.0337268      0.96076285     0.065311987   0.00060087863       5.8892329       11.671392        20.635895       96.877586     0.048820558       0.044258575        0.11822351     0.089802361         0.1243389      0.55865244      0.22166876        0.11039185        0.73485516     0.093446788        0.78044725        2.068348       1.0003151      0.99778311      -33.361432       -33.361432        2806.698        2806.698
             21       1370.2261       66.024026     0.022223877      0.12275197     0.048023952       3.0337742      0.96071761     0.065360965   0.00059612895       5.8963429       11.676938        20.628774       96.708962     0.048743272          0.044224        0.11821986     0.089689025         0.1248952      0.55980308      0.22180297        0.11044094        0.73557715      0.09316472        0.78129655        2.074375       1.0003001      0.99777863      -33.341048       -33.341048       2807.1343       2807.1343
             59        1369.168       65.991081     0.022225401      0.12276239     0.047834877        3.033635      0.96072712     0.064909685    0.0006083313       5.6654183       11.628913        20.595467        96.55204     0.048387342        0.04472567        0.12006655     0.089488902        0.12587967       0.5702535      0.22012684        0.10888367        0.72860005     0.095143133        0.78272411       2.1043132       1.0002164      0.99779284      -33.473125       -33.473125       2805.2822       2805.2822
             14       1368.9978        65.98172      0.02208954      0.12288949     0.047782915       3.0336726      0.96082207     0.064513165    0.0006380801        5.651683       11.469054         20.49202       96.642992     0.047771448        0.04486621        0.12129391     0.089061765        0.12961869      0.58504162      0.21988055        0.10670409          0.726895      0.10206418        0.78923201        2.106319       1.0001347      0.99778175      -33.669291       -33.669291       2805.3341       2805.3341
              3        1366.806       65.955401     0.022185891      0.12296089     0.047084029       3.0339242      0.96040408     0.063690138   0.00086689222       5.3757937         11.3394        19.849681       97.306614     0.048523872       0.045223697        0.12221321     0.087937042         0.1332506      0.57601892      0.21842742        0.10915201        0.72366065     0.093016725        0.79807871       2.1746885      0.99993666      0.99782555      -33.315222       -33.315222       2800.2424       2800.2424
              8       1366.9237       65.949189     0.022083817      0.12303442     0.047166474       3.0334559      0.96061035     0.064008145   0.00089370377       5.4780848       11.361395         20.21711       97.079587     0.047748589       0.045282768        0.12097933     0.087035098        0.13313458      0.58866477      0.21818153         0.1080485        0.71905929     0.095070632        0.79161501       2.1504813      0.99984321      0.99780663      -33.712269       -33.712269        2801.272        2801.272
              8       1365.9561       66.007095     0.022251868      0.12301761      0.04758825       3.0347969      0.96083176     0.066160674    0.0007914999       6.0804451       11.307034        20.725226       98.493095     0.052565449       0.044993278        0.11411647     0.088951214        0.12882749      0.54235211      0.22483684        0.11706419        0.73531999     0.078230205        0.77532655       2.0907055       1.0000509       0.9980673      -33.507022       -33.507022       2798.9262       2798.9262
