#        weight    minuslogpost              H0           ombh2           omch2             tau          ln10As              ns          DVCH_n       DVCH_beta    gal545_A_100    gal545_A_143 gal545_A_143_217    gal545_A_217   galf_EE_A_100 galf_EE_A_100_143 galf_EE_A_100_217   galf_EE_A_143 galf_EE_A_143_217   galf_EE_A_217   galf_TE_A_100 galf_TE_A_100_143 galf_TE_A_100_217   galf_TE_A_143 galf_TE_A_143_217   galf_TE_A_217      calib_100T      calib_217T   minuslogprior minuslogprior__0            chi2 chi2__dvch_plik
              1        2547.484       66.857271     0.022619882      0.11918066     0.051501851       3.0662808      0.96764858     0.079775413   9.8108295e-05       6.7682508       9.0132828      -0.57428506       98.368101     0.065516183       0.042883947       0.075799312     0.093924086        0.27461099      0.77858011      0.15133279        0.16560242        0.28965857      0.10386441        0.79484445       1.0376766       1.0002958      0.99696075      -32.743076       -32.743076       5160.4541       5160.4541
              3       2494.7716       66.894062     0.022607695      0.11888605     0.051609724       3.0660271      0.96829552     0.080950499   0.00010046408       6.9123864       9.0006283        0.1857498       97.026326     0.061722778       0.039713989       0.074891893     0.096384431         0.2739911      0.77901895      0.14907136        0.16516645        0.29186809     0.082009598        0.79881436       1.1314642        1.000346      0.99689284      -32.846149       -32.846149       5055.2355       5055.2355
              3       2420.0922       67.009312     0.022603656      0.11892409     0.051764621       3.0683414      0.96753587     0.082822298   0.00010083007       7.1533711       8.9100281         1.553395       96.516653      0.06411839       0.041448958       0.072886045     0.097016936        0.28310283      0.79886648      0.15915932        0.16053422        0.28812756     0.085054511        0.78612207       1.3017406       1.0005333      0.99681093      -33.077604       -33.077604       4906.3395       4906.3395
              1       2290.2381       66.894195     0.022566271      0.11908244     0.051355752         3.06885       0.9683486      0.08734932   9.4059915e-05        7.143404       9.0688267        3.1595118       91.562267     0.069570088       0.037816468       0.079445701      0.09859833        0.30039435      0.81305559      0.16922396        0.15862696        0.31263376      0.08236781        0.80591456       1.1603385       1.0004873      0.99688155      -32.780296       -32.780296       4646.0369       4646.0369
              2       2102.1769       66.981926     0.022534767       0.1191452     0.050843927       3.0664532      0.96654615      0.08838099   9.1204393e-05       6.4451598        9.223585        4.7848227       90.369114     0.065826979        0.03749856       0.078144109     0.097641067        0.30917972      0.84369313      0.16690375        0.16715479        0.30559344     0.095539131        0.81514258       1.2408021       1.0003948      0.99690479      -32.915642       -32.915642       4270.1852       4270.1852
              1       1944.6691       66.920723     0.022589007      0.11849942     0.051145718       3.0638341      0.96673344     0.084443465   8.7115969e-05       5.8498169       10.060296        7.0178417       81.351005     0.064963166       0.037894594       0.077795255     0.096882275        0.30306778      0.82962103       0.1790674        0.15084123        0.31820427     0.096612651        0.80348437       1.3150395       1.0005312      0.99702647      -34.407028       -34.407028       3958.1523       3958.1523
              1       1595.9627        67.04592     0.022544473      0.11936593     0.051704968       3.0579372      0.96776722     0.085557248   8.4566631e-05       6.3798604       9.2032835         9.319413       74.007202     0.061186093       0.033604106       0.081214452      0.06752863        0.30036468      0.86319665      0.19082936        0.16231997        0.29056796     0.085923251        0.67052588      0.91286381       1.0008284      0.99699521      -32.432403       -32.432403       3256.7901       3256.7901
              1       1573.2465       67.080956     0.022543961      0.11946583     0.051871833       3.0576136      0.96835922     0.085123038   8.2993658e-05       6.3066931       8.9356013         9.319481       74.094274     0.060872925       0.033631886       0.082470793     0.067778731         0.3029423      0.86498285       0.1895287        0.15890352        0.28962253     0.089432782        0.67189313      0.94969496       1.0007854       0.9969904      -32.600037       -32.600037       3211.6931       3211.6931
              1        1555.709       67.020253     0.022560657      0.11955897     0.051934129       3.0563872      0.96806508     0.085041098   8.1890681e-05       6.4327517       8.8575981         9.065158       75.986272     0.060790125       0.032746995       0.080527987     0.068135668        0.30473867       0.8543707      0.19309307        0.15980174        0.29904241     0.094081584        0.66926399      0.99195872        1.000777      0.99691236      -32.656168       -32.656168       3176.7304       3176.7304
              1       1511.8621       66.962125     0.022564408       0.1195701     0.052320177       3.0531236       0.9694214     0.088360435   8.4904403e-05       6.1966674       8.6602821        14.686369       85.165394     0.061126513       0.033813409       0.089073856     0.081807919        0.26519949       0.9356194      0.18931658        0.16617011        0.31784969      0.12842708        0.65152388      0.94726498       1.0010659      0.99697039      -35.235821       -35.235821       3094.1959       3094.1959
              5       1501.8082       66.967552     0.022571233      0.11965421     0.052348782       3.0529378      0.96933059     0.088379537   8.5187202e-05       6.2236247       8.6965889        14.489807       84.799002     0.061016476       0.033823754       0.089868697     0.082212195        0.26540794      0.94042076      0.18949742         0.1660029        0.31748503      0.12731604        0.65196931       0.9470729       1.0010654       0.9969699      -35.189507       -35.189507       3073.9955       3073.9955
              1       1457.3634       66.945559     0.022409194      0.11970782     0.055201266        3.048892      0.97050823     0.081602414   8.8728908e-05       7.8223408       10.317531        13.303615       95.003094     0.064214603       0.039909119       0.076653878     0.084291718        0.23881967      0.92129567      0.19062873        0.18892175        0.29682368      0.21047582        0.66591833       1.4641943       1.0008306       0.9973883      -38.449519       -38.449519       2991.6259       2991.6259
              5       1419.1139       66.928571     0.022349307      0.11952711     0.056187435        3.049992      0.96884526     0.085288382   9.8609994e-05       8.2193419       11.042566        15.226268       92.546922      0.06452622       0.041207913       0.074749625     0.081728201        0.20859483      0.70294891      0.20539361        0.19415343        0.25986103      0.20599677        0.60981503       1.1206502       1.0011436      0.99692945      -35.322915       -35.322915       2908.8736       2908.8736
              1       1410.6788       66.990805      0.02235501      0.11960255     0.056139748       3.0498307      0.96907618      0.08490954   9.8639654e-05        8.160403       11.109539        15.359273       92.258919     0.066330347       0.041392314       0.074663165     0.080828059        0.21183944      0.70295706       0.2071983        0.19831041        0.26277374      0.20649802        0.61149246       1.0880963       1.0011413      0.99690718      -34.863016       -34.863016       2891.0837       2891.0837
              3       1398.9307       66.983473     0.022375363      0.11955589     0.057576985        3.049183       0.9694619     0.087258429   9.6104828e-05       7.7127284       10.773028        21.942047       90.998508     0.066417281       0.042918616       0.068437223     0.081453061        0.18839356      0.75585854      0.20868402         0.2021361        0.28615846      0.19002604        0.61890738       1.0453602       1.0011129      0.99697122      -35.223245       -35.223245       2868.3079       2868.3079
              1       1382.1293       67.507564     0.022386241      0.12084404     0.059681069       3.0581777      0.96968195     0.084506536   9.8383569e-05        10.37858        11.14645        17.939725       92.940219     0.052879999       0.041551847       0.060513321     0.083808941        0.19376252      0.73669778      0.22876679        0.18184889        0.44822278      0.14966955        0.62984174       1.0284756       1.0012374      0.99680748      -35.554239       -35.554239       2835.3671       2835.3671
              1       1371.8747       67.473519     0.022357406      0.12031619     0.060069938       3.0558501      0.96968154     0.084229377   0.00010326376       10.367495       11.161176        17.907459       88.919139     0.051351603       0.038169282       0.059506461     0.085181098        0.20350398      0.74777888      0.22319242        0.18884592        0.46770711      0.15255941        0.61753774      0.96377286       1.0012438      0.99684426      -35.309128       -35.309128       2814.3677       2814.3677
              3       1370.9477       67.497623     0.022364541      0.12017723     0.059896165       3.0559704      0.96930441     0.084942533   0.00010150799       10.451238       11.047627        17.434227        87.32866     0.050158389       0.038534354       0.059162384     0.085108607        0.20016254       0.7640867       0.2252821        0.19353632        0.46837573      0.16145229        0.61659722      0.98539932       1.0012924      0.99678934      -34.699833       -34.699833       2811.2952       2811.2952
              4        1370.001        67.52978     0.022375002      0.12004953     0.059783071       3.0567464      0.96907864     0.084421207   0.00010254651       10.303381       11.136537        18.052062       89.577146     0.048413265       0.038676188       0.059740324     0.086604439        0.20162783      0.76098445      0.22693541        0.19553887        0.46600771      0.16368323         0.6158315      0.96721092       1.0012693      0.99683105      -34.761473       -34.761473        2809.525        2809.525
              2       1369.7347       67.527098     0.022385108      0.12014724     0.059870086       3.0568228      0.96868029     0.084632908   0.00010273529        10.12035        11.08033         17.65936        89.88035     0.048716782       0.038397174       0.058037822      0.08656244        0.20224693      0.74991064      0.22653719        0.19664576        0.46966777      0.16343558        0.61197811       1.0179952       1.0012468      0.99682838      -34.856195       -34.856195       2809.1818       2809.1818
              2       1369.3863       67.558765     0.022368293      0.12004718     0.059725351       3.0566166      0.96884175     0.085556697    9.830478e-05       10.036114       11.266176        18.044564       90.245721      0.04820903       0.038016915       0.059202808     0.084055561        0.20265307      0.72610834      0.22402739        0.19580923        0.47871298      0.16686849        0.60701475       1.0234188       1.0012417      0.99689444      -35.326784       -35.326784       2809.4263       2809.4263
              5        1365.799       67.469274     0.022435697      0.11977318     0.059764593       3.0534059      0.96807546     0.085173097   9.9232259e-05       9.8749687       11.416415        20.057651       90.906873     0.052129808        0.03945426       0.060613984     0.083662197        0.20046358      0.73933908      0.21525164        0.17848785        0.45584126      0.15481671        0.62697398       1.1356549       1.0013361       0.9967375      -36.628424       -36.628424       2804.8548       2804.8548
              1       1364.0822       67.438471     0.022487704      0.11964831      0.05989586        3.054286      0.96765949     0.086426399   0.00010333032       10.451876       11.767739        19.739862       92.721602     0.050841597       0.039419554       0.056789708     0.081680752        0.20984462      0.74483483      0.21854183        0.17912462        0.46714045      0.17971863        0.62420787       1.2533358       1.0014647      0.99670822      -35.892466       -35.892466       2799.9493       2799.9493
              5       1364.4757       67.455138     0.022490128      0.11969976     0.059668907       3.0546982      0.96815849     0.086988773   0.00010263287       10.577037       11.799653         20.27941       91.674184     0.049614378       0.039576339       0.057535258       0.0807222        0.20836705      0.74396964      0.21583676         0.1772801        0.47186207      0.17704829         0.6243888         1.28308       1.0014342        0.996679      -36.099561       -36.099561       2801.1505       2801.1505
              5       1363.4041       67.476928     0.022498301      0.11983377     0.059879207       3.0552301      0.96795183      0.08720187   0.00010354566       10.592483       11.934624        19.862015       90.514518     0.049151905       0.039856134          0.059351     0.081314689        0.20971608      0.73337515      0.21611475        0.17600879        0.46557577      0.17278924        0.62222262       1.2915229        1.001433      0.99671605      -36.291228       -36.291228       2799.3907       2799.3907
             17       1362.5596       67.441043      0.02247773      0.11987904     0.059917578       3.0550118      0.96858569     0.088806508   0.00010601581       10.314012       11.942129        19.190323       90.400097     0.049832561       0.038870407       0.057357031     0.084062334        0.21379399      0.73970793      0.21631184        0.17814303        0.47272785      0.15861664        0.62505706        1.421578       1.0014997      0.99671385      -36.162874       -36.162874        2797.445        2797.445
             10       1362.8492       67.447774     0.022485281      0.11977224     0.059947003       3.0549442      0.96851415     0.088807366   0.00010624471       10.325314       11.980468        19.205555       90.517029     0.050100391        0.03871785       0.057170546     0.083459581        0.21172942       0.7442016      0.21449701        0.17873193         0.4705408      0.15873195         0.6284236       1.4347568       1.0015273      0.99672077      -36.199175       -36.199175       2798.0967       2798.0967
             15       1362.8738       67.447259     0.022485412      0.11977214      0.05994795       3.0549557      0.96851592     0.088812813   0.00010624457        10.32743        11.98112        19.198753       90.482781     0.050086828       0.038708636         0.0571685     0.083466775        0.21174266      0.74419178      0.21449194        0.17875831        0.47048908      0.15866673        0.62845985       1.4348546       1.0015269      0.99672048      -36.196354       -36.196354       2798.1403       2798.1403
              4       1364.6603       67.452496     0.022487159      0.11962601     0.060065821       3.0547484      0.96854666      0.08920294    0.0001049007       10.336552       12.009227        19.400936       92.665525     0.050264931       0.038627955        0.05797333     0.081761795        0.21074157       0.7504175      0.21747195        0.17732961        0.46792091      0.15534646        0.62875734       1.3936595        1.001554      0.99678011      -36.150469       -36.150469       2801.6215       2801.6215
             11       1363.7746       67.462545     0.022485641      0.11964342     0.060110857       3.0549496      0.96840123     0.088983294   0.00010495166       10.322345       12.035702        19.728048        92.51101      0.05022121        0.03886196       0.057951175       0.0822734        0.21088807      0.75096907       0.2180735        0.17672866        0.46843044      0.15218713        0.62848704       1.3832358       1.0015123      0.99678449      -36.232717       -36.232717       2800.0145       2800.0145
             24       1363.6314       67.460306     0.022489587      0.11965572     0.060117237       3.0545741      0.96852597      0.08906958    0.0001042966        10.27766         12.0632        19.744848       92.194096     0.050310351       0.038862723       0.057658246     0.082210438        0.21158688      0.74579156      0.21816253         0.1748721        0.47009559      0.15281799        0.62927437       1.3865918       1.0014999       0.9967819      -36.335398       -36.335398       2799.9336       2799.9336
             15       1364.6467       67.489872     0.022496309       0.1194603     0.060432243        3.053325       0.9690765     0.088410144   0.00010260329       10.228955       11.989903        19.432497       92.429528     0.051061625       0.039771539       0.059060425     0.082428568        0.20801429      0.76034662       0.2197878        0.17245195        0.47026916      0.15321536        0.64343644       1.4035554       1.0014661        0.996775      -36.656004       -36.656004       2802.6054       2802.6054
             23       1365.1962       67.525568     0.022453385      0.11957226     0.060210204       3.0512962      0.96867709     0.086605052   0.00010509393       10.185096       11.845004        19.246165       91.452553     0.053185328       0.040785736       0.059595534     0.082587449        0.20919706      0.73082911      0.21290163        0.17872916        0.45866573      0.15022552        0.65063512       1.4400083       1.0013684      0.99677743      -37.260886       -37.260886       2804.9142       2804.9142
              3       1361.2169       67.496626     0.022451562       0.1191344     0.059809926       3.0525318      0.96945696     0.086386578   0.00010739236       9.9866308       12.237028        19.579275       90.762374     0.054668915       0.041937097        0.06302014     0.084646988        0.21575258      0.68301911      0.21709803        0.17428317        0.46278378      0.15588189        0.63892592       1.6398826       1.0013613       0.9968849       -37.97922        -37.97922       2798.3923       2798.3923
              1       1361.7964        67.47639     0.022476965      0.11935725     0.059576315       3.0534327      0.96945492     0.085678701    0.0001074219        9.746569       12.073785        19.588846       90.293593     0.055172816       0.041634231       0.063201795      0.08556611        0.21160164      0.67521723      0.21978313        0.17642955        0.45897045      0.15879906        0.63598401       1.6584673       1.0013739       0.9968052      -37.697093       -37.697093        2798.987        2798.987
              1       1361.5845       67.504457     0.022472563      0.11936082     0.059433388       3.0530681      0.96944841     0.085939721   0.00010811781       9.7855861       12.104711        19.655747       89.891854      0.05526643        0.04109263       0.064335602     0.085343462        0.21101156      0.67265523      0.22134024        0.17901141        0.45838481      0.15739343        0.63436203       1.6549208       1.0013467      0.99680435      -37.605149       -37.605149       2798.3793       2798.3793
              4       1359.6313       67.544275     0.022487019        0.119402     0.059695686       3.0524553      0.96857505     0.084520032   0.00010743199       9.6206945       12.333004        18.920608       90.249903     0.055008827       0.039458205       0.059433453     0.080488615        0.20435574      0.67013631      0.22601851        0.18092235        0.47024078      0.17313842        0.62472287       1.7030763       1.0013722       0.9969711      -37.352562       -37.352562       2793.9678       2793.9678
              4       1359.8152       67.585573     0.022428208      0.11952662     0.059973691       3.0539152      0.96767836     0.082383897   0.00011355457       9.4225202       12.193185        19.309172       90.789757     0.056711464       0.038612658       0.062338551     0.077643196        0.20822424      0.67391978       0.2295477        0.17592238        0.46516321      0.16911328        0.63805034       1.6966808       1.0015058      0.99694827      -37.278516       -37.278516       2794.1874       2794.1874
              4       1359.8347       67.569728     0.022418353      0.11950826     0.059915784       3.0542768      0.96773777     0.082776588   0.00011280846       9.3348557       12.241487        18.953747       90.425468     0.056945176       0.038504142       0.062980248     0.078372229        0.20911079      0.67867086       0.2300302        0.17777688        0.46722496      0.17287409        0.63899987       1.6653196       1.0015496      0.99696574      -37.138894       -37.138894       2793.9472       2793.9472
              1       1359.8223       67.569234       0.0224182      0.11949825     0.059916678       3.0542797      0.96773389     0.082788779   0.00011284984       9.3273652       12.237003        18.922306       90.393417     0.056900438       0.038466311       0.062960882     0.078352321         0.2090165      0.67787275       0.2297789        0.17780304        0.46747255      0.17272973        0.63909059       1.6655965       1.0015495      0.99696423      -37.147044       -37.147044       2793.9386       2793.9386
             12       1360.3639        67.55107     0.022420036       0.1195561     0.059920725       3.0539402      0.96776857     0.083100349    0.0001130313       9.3403549       12.138924        18.117255       89.920501     0.057788453       0.038282567       0.062971568     0.078053023        0.21053587       0.6764449       0.2310854        0.17635828        0.46679052      0.17318563        0.64218722       1.6700351       1.0015143      0.99697905      -37.245557       -37.245557       2795.2189       2795.2189
              1       1360.7432       67.552067     0.022418915      0.11958443      0.06000954       3.0537024      0.96791125     0.083068072   0.00011219975       9.2712281       12.050203        18.186749       90.480959     0.057395929        0.03829469       0.062896013     0.079178429        0.20986899      0.67592653      0.23037348        0.17642326         0.4644498      0.17056708        0.63563849       1.6740538        1.001517      0.99697622      -37.286512       -37.286512       2796.0594       2796.0594
              1       1361.0969       67.532257        0.022425       0.1196224     0.059989253       3.0534145      0.96780224     0.082870112   0.00011253451       9.2352737       11.971158        18.255433       90.919889     0.057358652       0.038121759       0.063426172     0.078947033        0.21080649      0.67328176      0.23006018        0.17712199        0.46449654      0.17115379        0.63713767       1.6700619       1.0014913      0.99697522      -37.418016       -37.418016       2797.0299       2797.0299
              1       1360.1324       67.533734     0.022449384      0.11969068     0.059847242       3.0533732      0.96811249     0.084179558   0.00010926005       9.3335819       12.279148        19.538107       93.126447     0.057335791       0.036852316       0.065090814     0.082190222        0.21700901      0.62095088      0.23802543        0.17813454        0.49871651      0.16696328        0.63563847       1.8600462       1.0014698       0.9972252      -37.460407       -37.460407       2795.1857       2795.1857
              3       1358.9057       67.516834     0.022428807      0.11974831     0.060159742       3.0565423      0.96748091     0.086241027   0.00010516367       9.5424808       11.270509         19.09829       92.390807     0.061201474       0.037327832       0.062379415     0.082220983        0.23121502      0.62932896      0.23557908        0.17602751        0.51517954      0.15141583        0.65046719       1.8893493       1.0014944      0.99715654      -37.280248       -37.280248        2792.372        2792.372
             31       1358.9326       67.509929     0.022426588      0.11974706     0.060171695       3.0565168      0.96743511      0.08624143   0.00010515886       9.5314079       11.273167        19.225395       92.392255     0.061474551       0.037154141       0.062651908      0.08211955        0.23098125      0.62993332      0.23592311        0.17508845        0.51467031       0.1516574        0.64956371       1.8887133       1.0015009       0.9971585        -37.2959         -37.2959       2792.4571       2792.4571
             10       1359.0751       67.506484     0.022434824      0.11983834     0.060177408       3.0564199      0.96740316     0.086258964   0.00010485815       9.5118439       11.192674        19.377435       91.945746     0.061801832       0.036972791       0.063286642     0.083009286        0.23207842      0.63591988       0.2333508        0.17532234        0.51535073       0.1480165        0.64790034       1.9012995       1.0015225      0.99720923       -37.49177        -37.49177       2793.1337       2793.1337
              7        1359.102       67.507094     0.022435767      0.11984411     0.060183367       3.0564423       0.9674017     0.086243544    0.0001048947       9.5012132       11.197516           19.378       91.818497     0.061826065       0.036986017       0.063327282     0.083075854        0.23223329      0.63444336      0.23332928        0.17543417        0.51559717      0.14767901         0.6473952       1.9036383       1.0015156       0.9972112      -37.503447       -37.503447       2793.2108       2793.2108
              7       1357.9924       67.420674      0.02237946      0.11986431     0.059924036       3.0561199      0.96733262     0.085492898   0.00010356442       9.1747785       10.675295        18.696719       92.593884     0.060157533       0.038522247       0.064786984     0.083385113        0.23074521      0.63006309      0.23656833        0.18044922        0.49292274      0.14318111        0.63268736        1.959003       1.0015651      0.99739252      -37.526407       -37.526407       2791.0377       2791.0377
             17       1360.8281       67.442514     0.022371307      0.11962336     0.059622462       3.0558059      0.96712387     0.082832928   9.8332287e-05       8.7669818       11.400972        19.066073       92.163993     0.062540677       0.040698001       0.067505692     0.079736688        0.21774051       0.6107096      0.24314255        0.17626835         0.5134642       0.1283347        0.63665955       2.0622599       1.0018075      0.99738998      -36.268937       -36.268937       2794.1941       2794.1941
              9       1362.9522       67.432696     0.022359659       0.1198957     0.059502044       3.0558451      0.96691271     0.082572234    9.893327e-05       8.8594844       11.355538        18.564667       93.788177     0.063428874       0.041041003       0.068516629      0.08033846        0.21374481      0.62378382      0.24454872        0.17534725        0.52266884      0.12757358        0.63519836       2.0894003       1.0017399      0.99733355       -36.26274        -36.26274       2798.4299       2798.4299
              2       1363.0187       67.434098     0.022359681      0.11988102     0.059494253       3.0558585      0.96690374     0.082545409   9.8839715e-05       8.8515135       11.349344        18.550353        93.80361     0.063517149       0.041041503       0.068559108     0.080224082        0.21371958      0.62300964      0.24451231        0.17530875        0.52305887      0.12776226        0.63538344       2.0922275       1.0017371      0.99733502      -36.273029       -36.273029       2798.5834       2798.5834
              4       1362.2307        67.58744     0.022389742      0.11977281     0.058949423       3.0545803      0.96660771     0.080754463   9.4423262e-05       9.0641341       12.172085        19.994965       94.517516     0.060148794       0.039459984       0.074153782     0.080589905        0.20194447       0.6313099      0.24341094        0.17290615        0.52728578      0.13917434         0.6277745       2.1130182       1.0017957      0.99722058      -36.287504       -36.287504       2797.0363       2797.0363
              3       1366.2104        67.56623     0.022405426      0.11957099     0.058993348       3.0544647      0.96547795     0.081054767   9.5974377e-05       9.3433012       12.464798        19.524217       95.905758     0.057626314       0.038958057       0.070515063     0.081229657        0.20811463      0.61699275       0.2435619        0.16632718        0.53235662      0.11883609        0.65591997       2.2339585       1.0017561      0.99718791      -35.939211       -35.939211       2804.2992       2804.2992
             14       1366.0644       67.568313     0.022405986      0.11957874     0.058971031       3.0545393      0.96553858      0.08098646   9.5878818e-05       9.3755717       12.470766        19.516838       95.793813     0.057625904       0.039005996       0.070323662     0.080966927        0.20872788      0.61553891      0.24347039          0.166571        0.53337212      0.11865504        0.65502239       2.2276734       1.0017596      0.99718263      -35.884166       -35.884166        2803.897        2803.897
             12        1364.417       67.579722     0.022404307      0.11951584     0.058777135       3.0543265      0.96556149     0.080566088   9.5476371e-05       9.3509115       12.507683        19.529687       95.073797     0.057326133       0.038824538       0.070275335     0.081765429        0.20881992      0.61654142      0.24371987        0.16665875         0.5383832      0.11995422        0.65849208       2.2374743       1.0017446      0.99719254       -35.91707        -35.91707       2800.6682       2800.6682
              2       1364.4181       67.580156     0.022404593      0.11951415     0.058777288        3.054334      0.96556474     0.080581497   9.5516369e-05       9.3495146       12.505367        19.524467       95.062377      0.05733275       0.038823507       0.070296048     0.081763542         0.2087792      0.61670027      0.24373581         0.1666579        0.53839405      0.11997811         0.6584676       2.2378431       1.0017447      0.99719255      -35.917799       -35.917799       2800.6719       2800.6719
              6       1362.6097        67.56068     0.022415384      0.11959641     0.058992252       3.0539678      0.96524479     0.080715052   9.4331474e-05       9.3356464       12.397037        19.206026       93.756191     0.057987087       0.038950413       0.070686183     0.081970129        0.21244995      0.62479767      0.24493948        0.16642814        0.54642735      0.11933717        0.65586523       2.2228733       1.0017457       0.9972187      -35.880775       -35.880775       2796.9809       2796.9809
              3       1365.2732       67.490013      0.02241401      0.11992262     0.059049554        3.055091       0.9656373     0.081068401   9.3904131e-05       9.2143674       12.229445        18.970425       94.702716     0.058972089       0.038442815        0.06780085      0.08067038        0.21018952      0.62029821       0.2439427        0.16500058        0.54121556      0.11367484        0.65045937       2.2964113       1.0016805      0.99726218       -36.00966        -36.00966       2802.5657       2802.5657
              8       1365.4591       67.485026     0.022414493      0.11991847     0.059067546       3.0549435      0.96565904       0.0810281   9.4401073e-05       9.2486988       12.246952        18.875995       94.618192     0.058853368       0.038406476       0.067542257      0.08065723        0.21001899      0.61940908       0.2440034         0.1645227         0.5415223      0.11276532        0.65055397       2.2940899        1.001686      0.99727449      -35.977169       -35.977169       2802.8725       2802.8725
             14       1364.9786       67.465172     0.022375228      0.11991692     0.058006659       3.0530354      0.96509391     0.080451215   0.00010025215       8.9951908       12.270459        19.626062       94.827661     0.060213108       0.034338998        0.06633625     0.077190197        0.22460217      0.63938428      0.24877557        0.16263972        0.55620252      0.12523156          0.631623       2.2899203       1.0015121      0.99722425      -35.830801       -35.830801       2801.6187       2801.6187
             31       1364.5266       67.450667     0.022370819      0.11985778     0.058545271       3.0526663      0.96469592     0.080236201   0.00010103791       8.9074131       12.304299        20.093932       94.791111     0.060556672       0.034139801       0.065804396     0.077429793        0.21882408      0.64160226      0.24974842        0.16246332        0.56078219      0.12940588        0.64351492       2.3094202       1.0015271      0.99722558      -35.795476       -35.795476       2800.6442       2800.6442
              1       1364.5606       67.381026     0.022381186      0.11984258     0.058202392       3.0521444      0.96543163     0.080926159   0.00010365899       9.2573395       12.568647        20.319962       95.472366     0.059902843       0.040962839       0.064988714     0.065825375         0.2098293      0.71853716      0.24919288        0.15897172        0.53244585     0.097828555        0.62156986       2.5708186       1.0013215      0.99741867      -35.589997       -35.589997       2800.3013       2800.3013
              3       1364.4372        67.37824     0.022381557      0.11983611     0.058193459       3.0520747      0.96543672      0.08092188   0.00010356575       9.2585516       12.576004        20.327689       95.365777     0.059946539       0.040967818       0.065050664     0.065791947        0.20977133      0.71846599      0.24905641         0.1587639        0.53233138     0.097961676        0.62206453       2.5702513       1.0013209      0.99741634      -35.609253       -35.609253       2800.0928       2800.0928
              1       1364.5018        67.41189     0.022369746      0.11979322     0.058426489       3.0517058      0.96573925      0.08106928   0.00010362621        9.210894       12.560881         20.58127       95.475343     0.059815876       0.041264465       0.065237559     0.064869909        0.21107417      0.72153962      0.24624451        0.15878862        0.53686541     0.098786213        0.62503418       2.5604678       1.0013141      0.99742034      -35.832093       -35.832093       2800.6677       2800.6677
              1       1364.0463        67.40347     0.022368366       0.1197591     0.058453331       3.0517449      0.96569428     0.081106343   0.00010336985       9.1619201       12.561736        20.755249       95.205677     0.059476699       0.041144943       0.064646127      0.06482937        0.21167024      0.72208393      0.24648411        0.15806619        0.53790112     0.099450177         0.6217078       2.5647518       1.0012943      0.99741276      -35.823254       -35.823254       2799.7391       2799.7391
             23       1364.2896       67.383931     0.022369275      0.11975238     0.058470013       3.0508422      0.96578062     0.080565345    0.0001029936       9.2404419       12.470335        20.999749       95.241735     0.059809154       0.040906507       0.063989398     0.067203132        0.21280522      0.72865137      0.24418028         0.1589207        0.54189435     0.097583876        0.61852912       2.6081517       1.0013203      0.99745957      -35.852177       -35.852177       2800.2836       2800.2836
              2       1364.3475       67.423041      0.02237226      0.11990881     0.058628786       3.0522152      0.96586414     0.081147716   0.00010292021       9.2976453       12.306269         21.15305       96.943437     0.059545915        0.04073819       0.062613799     0.068373026        0.20954365      0.71992876      0.24635492        0.16211891        0.56405776     0.096010076        0.61689757       2.6341362       1.0012854      0.99749237      -35.425516       -35.425516       2799.5461       2799.5461
              7       1363.9632       67.419333     0.022375101      0.11988827     0.058719182       3.0525148      0.96590207     0.081916737    0.0001021755       9.2037815       12.370123        20.775503       96.097725      0.05871317       0.040731882       0.062233962      0.06742594        0.21193972      0.72918125      0.24508664         0.1614818          0.567104     0.097484816        0.61327922       2.6080167       1.0012905      0.99751758      -35.500871       -35.500871       2798.9281       2798.9281
             11       1362.0749        67.41585     0.022361142      0.11978777     0.058800437       3.0540724      0.96539204     0.081339894   0.00010205205       9.1378832       12.317557        20.117193       93.727853      0.05967109       0.040063382       0.066213278     0.068754666        0.20946741      0.72388657       0.2403738        0.16004176        0.57020061     0.096315241        0.61542378       2.6189297       1.0012975       0.9975339      -36.051908       -36.051908       2796.2537       2796.2537
              9        1361.922       67.406143     0.022362329       0.1197883     0.058821525       3.0540335      0.96533889      0.08118813   0.00010183118       9.0996066       12.326892        20.189892       93.837781     0.059693423        0.04003435       0.066139427     0.068884419        0.20884953      0.72456877      0.23993015        0.15983227        0.57162945     0.096271194         0.6174573       2.6177554       1.0012929      0.99753315       -36.09759        -36.09759       2796.0392       2796.0392
              2       1363.0362       67.321282     0.022330178      0.11997643     0.058872846         3.05242      0.96579593     0.082294119   0.00010204109       9.3884228       12.452832         20.01103        95.64445     0.059906953       0.038778323       0.070153498      0.07237834        0.20547312      0.74639913      0.23937707        0.14712042        0.57116752     0.095059822        0.60374385       2.5926103       1.0012038      0.99743362      -36.465761       -36.465761        2799.004        2799.004
              4       1363.2364        67.37284     0.022306224      0.11998942      0.05880274       3.0524567      0.96564174      0.08143756   0.00010174146       9.2528884       12.406604        20.063496       96.060322     0.059063754       0.039315177       0.070531094     0.074350252        0.19862193      0.73589629      0.24121361        0.14824474        0.56893125      0.10147941        0.59903871       2.5269491       1.0011968      0.99740221      -36.685461       -36.685461       2799.8436       2799.8436
             14       1361.1217       67.359515     0.022305767      0.11990599     0.059016797       3.0521655      0.96577101     0.081395584   0.00010184699       9.3350562       12.239081        20.465178       96.016329     0.059309039       0.039311148       0.069896244     0.074929742        0.20040162      0.72970706      0.23954774        0.14914185        0.56749204      0.10244116        0.59813538       2.4953148       1.0011592      0.99742002      -37.039068       -37.039068       2796.3216       2796.3216
              3       1361.0319        67.35775     0.022327783      0.11985503     0.058613904        3.052379      0.96674813      0.08134532   0.00010284499       8.9401994       12.265441          21.1146       97.905535     0.060323041        0.04001636       0.069772432     0.073459185        0.20042058      0.73045761      0.23160213        0.14779001        0.54668843      0.10649303        0.59139649       2.5202916       1.0011492      0.99735345      -37.628231       -37.628231       2797.3203       2797.3203
             11       1360.2762       67.425032     0.022333527      0.11991842     0.058740044        3.052763      0.96605515      0.08042275   0.00010121703       8.8468286       12.344163        21.259535       95.644433     0.060400277       0.039884595       0.068261064     0.071664399        0.19859071      0.70948607       0.2317146        0.14695559        0.54030219      0.11407048        0.59410787       2.5476491        1.001196       0.9973111      -37.539579       -37.539579       2795.6316       2795.6316
              3       1360.0039       67.351955     0.022322114       0.1197281     0.058634004       3.0524642      0.96642237     0.081025075   0.00010308389       8.7306148       11.953091        21.828524       97.515288     0.060065975       0.039326915        0.06688546     0.072403501        0.19605645      0.68517014       0.2331211        0.14240861        0.53930975      0.11085841         0.5890388       2.5845005       1.0011207      0.99734207      -37.615289       -37.615289       2795.2385       2795.2385
              5       1360.1131       67.255131     0.022315048      0.11986571     0.058813771       3.0526469      0.96694105      0.07988559   0.00010602739       8.5275019       11.970941        20.835777       96.160993     0.059111715       0.039817042       0.061046282     0.072617842        0.19035664      0.70047201      0.23593963        0.14533039        0.56347312      0.11963422        0.58016772       2.4765213       1.0011646      0.99730336      -36.900369       -36.900369        2794.027        2794.027
             10       1359.9041       67.257242     0.022316034      0.11988018     0.058844364       3.0526341      0.96691283     0.079946237   0.00010589335       8.5210167       11.945144        20.906633       96.085916     0.059084456       0.039780098        0.06117616     0.072703166        0.19048794      0.69962292      0.23605633        0.14550969        0.56498989      0.11903865        0.58018062       2.4753316       1.0011666      0.99730226      -36.882171       -36.882171       2793.5726       2793.5726
              7       1359.7289        67.26015     0.022313564      0.11989784     0.058915858       3.0525168      0.96698643     0.080012239   0.00010600055       8.5230272       12.024912        21.210694       95.873992     0.058801021        0.03969552       0.061176226     0.072278807        0.18973574      0.69515992      0.23443385        0.14479164        0.56608746      0.11977035        0.57929757       2.4772976       1.0011684      0.99730786      -36.948368       -36.948368       2793.3544       2793.3544
              9       1360.6664        67.41762     0.022249678      0.12015212      0.05877782       3.0545347       0.9665915     0.081506439    0.0001110516       8.3436947       12.510908        21.653034       95.798676     0.057953812        0.03925513       0.066796643     0.078672746        0.19583058      0.71884308      0.23826556        0.14644471        0.54182263      0.12988524        0.57008651        2.346335       1.0008495      0.99718706      -37.826661       -37.826661       2796.9862       2796.9862
              3       1359.7669       67.392041     0.022255615      0.12011283     0.058793843       3.0545911      0.96651597     0.081113214   0.00011175244       8.3724411       12.586906        21.588698       95.557295     0.057506294       0.038994922       0.066506595     0.078544977        0.19457235      0.71501595      0.24175279        0.14531023        0.53979008      0.13481382          0.568786       2.3363638       1.0008671      0.99716423      -37.585076       -37.585076       2794.7039       2794.7039
             10       1361.5461       67.405518     0.022233597      0.12002293     0.059333063       3.0529359      0.96709792     0.081669985   0.00011054949       9.3987208       12.779398        22.960056        97.56556     0.051538482       0.038369158       0.065289455     0.081160944        0.20380016      0.73498707      0.23724886        0.13687277        0.52477526      0.13446595         0.6032416       2.4566215       1.0008496      0.99714315      -38.093143       -38.093143       2799.2785       2799.2785
              2       1361.3851        67.39134     0.022235592      0.12003102     0.059215977       3.0532497      0.96673042     0.081576732   0.00011148549       9.3297532       12.791228        23.391949       98.109335     0.051537052       0.038134363       0.065045955     0.080937656        0.20762732      0.73023623      0.23351718        0.13726658        0.52150585      0.13553746         0.6045868       2.4624259       1.0008935      0.99711656      -38.232135       -38.232135       2799.2345       2799.2345
              1        1363.029       67.384463     0.022243614      0.12015362     0.059122804       3.0527025      0.96659746     0.082075441   0.00011156879         9.39782        12.70632         23.15555       97.330717     0.051068878       0.038275876       0.066546262     0.080491716        0.20860307      0.73414753      0.23291282        0.13603843         0.5163321       0.1368302        0.59653016       2.4699709       1.0009053      0.99714038      -38.370434       -38.370434        2802.799        2802.799
              6       1363.6157       67.353207      0.02221733      0.11999763     0.058863809       3.0524871      0.96597195     0.083316534   0.00011168378       9.1812352       13.040946        23.023876       100.54928     0.049084166       0.039282782       0.061924909     0.079458015        0.20283116      0.74113459      0.23425598        0.13405249        0.51393604       0.1281571        0.58130064       2.5610008       1.0008743      0.99717903      -37.407348       -37.407348       2802.0462       2802.0462
              2       1362.9303       67.354339     0.022169232      0.11970222     0.058779559        3.054007      0.96554745      0.08286197   0.00011400062       8.9955451       13.529515        22.699547       99.200231     0.050867619       0.039345703       0.064952939     0.079086721        0.20715728      0.75891906      0.23058162        0.13831746        0.51483959      0.12084102        0.57546343       2.5430195       1.0009238      0.99719805      -37.318969       -37.318969       2800.4986       2800.4986
              3       1362.8163       67.432774     0.022185396      0.11936952     0.059723117       3.0538448      0.96694559     0.084409593   0.00011443227       9.1410437       14.096118        22.259375       95.580736     0.048599059       0.037319417       0.064459987     0.084132276        0.20489736      0.81077881      0.23869325        0.13556612        0.52082719      0.12711529        0.59026742       2.6118813       1.0009454       0.9973805      -36.606887       -36.606887       2798.8464       2798.8464
             14       1362.7389       67.435434     0.022180253      0.11931698     0.059749471        3.053844      0.96700422      0.08423983   0.00011406128       9.1957176       14.079617        22.124562       95.453584     0.048639871       0.037324337       0.063827914     0.084285085        0.20533969      0.80800312      0.23841666        0.13535764        0.51959347      0.12664318        0.59050833       2.6031442       1.0009403      0.99737961       -36.63796        -36.63796       2798.7537       2798.7537
              3       1362.9057       67.438252     0.022179857      0.11932698      0.05973742        3.053797      0.96695507     0.084275307   0.00011391806        9.193209       14.082976          22.1468       95.272029      0.04861378       0.037320022        0.06374416     0.084430937        0.20539051      0.80736951      0.23832041        0.13564057        0.51905959      0.12661416        0.59015171       2.6067659       1.0009371      0.99738479      -36.642767       -36.642767        2799.097        2799.097
              6       1363.1446       67.446513     0.022186498      0.11920115     0.059937783       3.0535685      0.96692908     0.083138553   0.00011549818       9.1367225       14.177326        21.392286       93.787234     0.048096159       0.036978173       0.063370581     0.085467098        0.20688741       0.7956719      0.23777631        0.13526478        0.51429638      0.12825497         0.5910509       2.6037905       1.0008919      0.99737498      -36.713205       -36.713205       2799.7157       2799.7157
              8       1363.1589        67.40529     0.022197511      0.11941195     0.059839823       3.0536615      0.96647107     0.082436834    0.0001140183       9.0830122        14.18284         21.69711       93.768431     0.047252503       0.038232478       0.063728689     0.087562598        0.21016726      0.79426548      0.23637303        0.13309268        0.50946068      0.13081301        0.58808547       2.6294944       1.0008992      0.99736797      -36.789411       -36.789411       2799.8967       2799.8967
             24       1362.9004       67.403502     0.022202221      0.11943106     0.059810433       3.0537763      0.96655081      0.08244419   0.00011408987       9.0217541       14.113898        21.568061       93.463103     0.047017566       0.038378391       0.064316391     0.087328689        0.20805902      0.79334829      0.23642722        0.13300899        0.51090068      0.13208387        0.59067902       2.6310871       1.0008908      0.99736692      -36.929648       -36.929648       2799.6601       2799.6601
              1       1362.6752       67.374752     0.022194112      0.11934385     0.060233925       3.0554443       0.9666315     0.079874831    0.0001136654       8.3763929       13.704232        19.696997        92.04766     0.041885583       0.037545744       0.063393742     0.085805364        0.21366109      0.73351891      0.23943524        0.12669491         0.5240749      0.14042677        0.61704203       2.5224042        1.000762      0.99732821      -37.439028       -37.439028       2800.2285       2800.2285
              6       1363.2104       67.406127      0.02216947      0.11910344     0.059889826       3.0535642      0.96615401      0.08065593   0.00011103854       8.1487332       13.744439        20.061782       92.625363     0.039892867       0.038732025       0.066176618     0.087688665        0.21007426      0.73936915      0.23723881        0.13228268        0.53286231      0.13482735        0.63270137       2.4944962       1.0007679      0.99742087       -37.74118        -37.74118       2801.9031       2801.9031
              3       1363.1268       67.407443     0.022171318      0.11913121     0.059968405       3.0535746      0.96605145     0.080553145   0.00011090086       8.1203025       13.796031        20.120316       92.555108     0.040154663       0.038811013       0.065774408     0.088243842        0.21126794      0.73646281      0.23640125        0.13302029        0.53392851      0.13578204        0.63261147       2.4994284       1.0007604      0.99742858      -37.763093       -37.763093       2801.7799       2801.7799
             14       1363.8328       67.388907     0.022182183      0.11903124     0.060111461       3.0531205      0.96604955     0.081330084   0.00011162658       8.1344937       13.948586        20.250254       91.941805     0.039485333       0.037926988       0.067128786     0.085872171        0.21129793      0.73196007      0.23114744        0.13445642        0.53470226      0.13478141        0.63097107       2.4813858       1.0007154      0.99739247      -37.961748       -37.961748       2803.5891       2803.5891
              3       1369.6318       67.408853     0.022144395      0.11888418     0.059850708       3.0531336      0.96564845     0.082637259   0.00011037524       8.0523388       13.996261        20.404072       89.159829     0.040365438       0.037286302       0.071234218     0.086338098        0.21316173      0.73771781      0.22819305        0.13816452        0.54549895      0.13147861        0.63768778       2.4275629       1.0006103      0.99738678      -38.372497       -38.372497       2816.0085       2816.0085
              5        1365.884       67.460395     0.022086525      0.11893847      0.05861631       3.0510627      0.96640864     0.081445921   0.00011300724       7.7459407       13.759837        19.640373       93.365054     0.045524026       0.037316093       0.070519355       0.0882579         0.2103655       0.7578192      0.21632821        0.15066712        0.51858164       0.1247445        0.62198935        2.462887       1.0008606       0.9974285      -38.966723       -38.966723       2809.7015       2809.7015
              4       1363.8499       67.431349     0.022100066      0.11906152     0.058882447       3.0523847      0.96683762     0.081793463   0.00011662795       7.5235495       13.462112        20.281167       94.271115     0.043090645       0.036597494       0.070773817     0.087813134        0.20384454      0.77319237      0.20535418        0.15399881        0.51583353       0.1233616        0.63240726       2.4172177       1.0008188      0.99740491       -39.60573        -39.60573       2806.9113       2806.9113
             54       1363.3646       67.434355     0.022093519      0.11911015     0.059091572       3.0526499      0.96740162     0.081916988   0.00011498642       7.5939265       13.410194        19.874935       93.336546     0.044421037       0.036608209       0.070464006     0.087688075         0.1985703      0.78426026      0.20599475        0.15320714        0.51387794       0.1267855        0.63149158       2.3921215       1.0008088      0.99735623      -39.688093       -39.688093       2806.1053       2806.1053
              4       1362.8161       67.424412     0.022098841      0.11907053     0.058952836       3.0527763      0.96710241     0.082449542   0.00011684292       7.7117185       13.482411        20.788792       94.392613     0.043546723       0.036973246       0.071142471     0.088564667        0.20082881      0.76787192      0.20662888        0.15385658         0.4965935      0.12647803        0.62774248       2.3949032       1.0007579      0.99733288      -39.777311       -39.777311       2805.1868       2805.1868
             27       1363.5399        67.36568     0.022077726      0.11945683     0.058058564       3.0505126      0.96846024     0.079258054    0.0001149301       7.7902931       13.328182        21.231922       97.476742     0.043067505       0.037658442       0.076360274     0.087694466         0.2061779      0.83410836      0.20536918        0.14184888        0.49792203      0.12878298        0.61499136       2.1857734       1.0007887      0.99731576      -40.214565       -40.214565       2807.5088       2807.5088
              7         1360.13       67.291344     0.022082083      0.11927465     0.057822267        3.048283      0.96883737     0.079001091   0.00011216953       7.4564511       13.228208        21.308113       95.848654     0.042281119       0.037662285       0.076945865     0.086024389        0.19669819      0.80284612      0.20676095        0.13929691        0.50285374      0.13354153        0.60915737       2.0640972       1.0007659      0.99738142      -40.441225       -40.441225       2801.1425       2801.1425
              4       1360.5287       67.290415     0.022050182       0.1193658     0.057805855       3.0479516      0.96838979     0.078657124   0.00010990359       7.7114934       13.332664        21.422121       95.569735     0.042168621        0.03568404       0.080634596     0.087951868        0.19659826      0.81964674      0.20580298        0.14065535        0.51705859      0.16239587          0.616372       2.0824935       1.0006123      0.99741012       -40.94279        -40.94279       2802.9431       2802.9431
             11       1360.8297       67.298928     0.022063223      0.11938958     0.057819074       3.0480634      0.96838935     0.078697477   0.00010969304       7.6697479       13.367692        21.270595       96.224243     0.042010999        0.03557826        0.08088773     0.087893595        0.19506878      0.82328463      0.20654041        0.14279402        0.51990042      0.16310705        0.61841991       2.0765716        1.000635      0.99742324       -40.82338        -40.82338       2803.3062       2803.3062
              2       1361.7194       67.294355     0.022062944      0.11943384     0.057892584       3.0480134      0.96826455     0.078771487   0.00011005978       7.6504548       13.333058        21.116085       96.071942     0.041863651       0.035307062       0.081141198     0.088987195        0.19834615      0.82278566      0.20770362         0.1433593         0.5197543      0.16390313        0.61827102       2.0840293       1.0006423      0.99740558      -40.749636       -40.749636       2804.9381       2804.9381
             11       1361.4157       67.271643     0.022063211      0.11928277     0.057915368        3.048312      0.96807676     0.078293405   0.00011040763       7.5462779       13.347421        21.033542       96.359083     0.041835801       0.035104204       0.080931163     0.087142051        0.20134437      0.81392708      0.20988933        0.14251534        0.50476893      0.16422885        0.61653264       2.1147208       1.0006281      0.99746157       -40.81495        -40.81495       2804.4612       2804.4612
              2       1362.4904        67.25699     0.022060462      0.11923375     0.057945984       3.0482574      0.96823782     0.078596193   0.00011030221       7.4593247       13.304955        20.879914       96.312449     0.041214365       0.034836989       0.080514764     0.087361539        0.20012656      0.81644645      0.20928491        0.14009873        0.50358906      0.16806592        0.61879116       2.1016458       1.0006702      0.99745691      -40.802412       -40.802412       2806.5855       2806.5855
             13       1361.8969       67.229805     0.022030754      0.11944104     0.057601483       3.0490118       0.9676919     0.079053441   0.00011007962       7.5462665       13.130747        20.727976       95.659727     0.041070354       0.034521785       0.079636774     0.086855832        0.19725971      0.82198038      0.21197256        0.13860406        0.50801899      0.17404655        0.62543463       2.1441714       1.0005952      0.99750078      -40.918142       -40.918142       2805.6301       2805.6301
              1        1361.851       67.214758     0.022035156      0.11955336     0.057495366       3.0497361      0.96723974     0.079263627   0.00011075975        7.422398       13.040812        20.177459       95.035992     0.041773988        0.03532035       0.080655517     0.084852763        0.19917256       0.8336038      0.21098495        0.14365219         0.4967612      0.16833598        0.61668306        2.161079       1.0006064      0.99745774      -40.867358       -40.867358       2805.4367       2805.4367
              5        1362.265       67.223679     0.022011992      0.11938627      0.05736225       3.0493773      0.96700767     0.079764453   0.00010667634       7.3620993       12.239295           21.743       94.465634     0.042459444       0.036890344       0.076785647     0.081037064        0.21347548      0.81748167      0.21529033        0.14193357        0.51553589      0.17195175        0.61411685       2.1597177       1.0006895      0.99737752      -40.884241       -40.884241       2806.2985       2806.2985
             15       1361.5768        67.23598     0.022024089      0.11988357     0.057973331       3.0521474      0.96857501     0.077013575   0.00010172175       7.6328112       12.378754        20.631495        94.70831     0.042614772       0.039537076       0.075942983     0.087720657        0.22791956      0.80710352      0.20980815        0.14625545        0.51452542      0.17705104           0.62956       2.1650686       1.0005794      0.99715713      -40.953635       -40.953635       2805.0609       2805.0609
              5       1361.4616       67.235096     0.022025599      0.11988249     0.057987669       3.0521698      0.96856475     0.076989115   0.00010192172        7.635826       12.381906         20.65269       94.692723     0.042643177       0.039521454       0.075884752     0.087695296        0.22816877      0.80661529       0.2097539        0.14621231         0.5149311      0.17655444        0.63001866       2.1673214       1.0005842      0.99715638      -40.947272       -40.947272       2804.8177       2804.8177
             11       1361.9429       67.242095     0.022029141      0.12000626     0.057996762       3.0520052      0.96843058     0.077518241   0.00010124267       7.6058662       12.404989         20.56955       94.136677      0.04241942       0.039056395       0.077929898     0.086682495        0.22867861       0.8003012      0.21029724        0.14484106        0.50562984      0.17614061        0.62589293       2.2002708       1.0006032      0.99719961      -41.059001       -41.059001       2806.0038       2806.0038
             11       1364.2297       67.212249     0.022043772      0.11997356      0.05803742       3.0534054      0.96883725     0.077528458   9.9621005e-05        8.098605        12.34533         20.58754       91.777613      0.04073521        0.03789413       0.076035006     0.083447031        0.23285758      0.84260281      0.20712061        0.14375039        0.50663033      0.18968554         0.6304994       2.1757326       1.0005932      0.99730888      -41.273464       -41.273464       2811.0064       2811.0064
              2       1364.6195        67.21837     0.022042319      0.11999352     0.057896545        3.053095      0.96903721     0.078119779   0.00010047016       7.9988675       12.384969        20.607009       91.901374     0.039607891       0.037939123       0.076482546     0.082873128        0.23625855      0.85027881      0.20561988         0.1443931        0.50464702      0.18768747        0.63231048       2.1785692       1.0004944      0.99728473      -41.202676       -41.202676       2811.6443       2811.6443
             10        1364.142       67.211384     0.022043137      0.12000771     0.057840209       3.0531086      0.96897696     0.078273623   0.00010067398       7.9148759       12.340141        20.843492       92.742438     0.039643978       0.038132566       0.076298212     0.083205471        0.23493881      0.85617151       0.2060259         0.1451213        0.50426141      0.18621158        0.63477474       2.1956156       1.0004778      0.99726855      -41.158122       -41.158122       2810.6002       2810.6002
             18       1361.3728       67.282292     0.022090423      0.12005385     0.057669644       3.0507176      0.96857148     0.077969607   0.00010053243       7.5944853       12.068476        20.613056       94.316812     0.038372132       0.036585565       0.078039314     0.080560349         0.2281097       0.8317017      0.21606518        0.14352032        0.49548752       0.2080001         0.6422703        2.113208       1.0004083      0.99730684      -41.091182       -41.091182        2804.928        2804.928
              3       1361.6682       67.288978     0.022085259      0.11995119     0.057452288       3.0508587      0.96866322     0.078429386    0.0001002836       7.7076181       12.105828        20.571084       95.575507      0.03839358       0.036701452       0.079215559     0.079691993        0.23018799      0.83678113      0.21719597        0.14474828        0.49758735      0.20065381        0.63066173       2.1541693       1.0003502      0.99728946      -40.889756       -40.889756        2805.116        2805.116
              8       1361.6435        67.28893     0.022084737      0.11994479     0.057427611       3.0507872      0.96860881     0.078405352   0.00010031014       7.7141489       12.095901        20.629688       95.692422     0.038335749       0.036668367       0.079136875     0.079575677        0.23006903      0.83883006       0.2168167        0.14477077        0.49800071       0.2007901        0.63081678       2.1531255       1.0003526      0.99729137      -40.899952       -40.899952       2805.0869       2805.0869
             10       1361.6696       67.259921     0.022133035      0.11965791     0.057073031       3.0494309      0.96790135     0.074825615   9.7631878e-05       7.6459766       12.424211        18.897281       93.775787     0.038910888       0.034682423       0.072174463     0.077152167        0.22982385      0.82975049      0.22134513        0.14173342        0.49720341      0.20633215        0.62437028       2.0881064       1.0000749      0.99718677      -40.001868       -40.001868        2803.343        2803.343
              2       1359.4452       67.215337     0.022145941      0.11976263     0.057189272       3.0500183      0.96672922     0.073865387   9.3768125e-05       7.3002857       12.134495        19.793007       90.594906      0.04147322       0.035406965       0.078228372     0.072296085        0.22994899      0.82857701      0.22570082        0.14399356        0.50499044      0.20101557         0.6235813       2.0871675       1.0000938      0.99717723       -40.09772        -40.09772       2799.0858       2799.0858
             10       1359.7542       67.227519     0.022140658      0.11955486      0.05740038        3.047348       0.9666225     0.074695946   9.3150216e-05       7.2043827       12.114152         19.10774       91.526443     0.043154667       0.036159744       0.078747423     0.074007483        0.23287633      0.83659743      0.22824164        0.14035495        0.51069212      0.20076049        0.62603429       2.0968045       1.0001443      0.99708804      -39.870885       -39.870885       2799.2501       2799.2501
              2       1358.5983       67.202501     0.022135952      0.11972527     0.057517979        3.048026      0.96691603     0.075869646   9.2295067e-05       7.1254365       12.045941        20.178677       92.589472      0.04292954       0.036072974       0.077227969     0.075611299        0.23551228      0.83942578      0.22525802        0.14288402        0.50278815      0.20769408        0.63302045       2.0219786       1.0000791      0.99709173      -40.132196       -40.132196        2797.461        2797.461
             11       1358.3165       67.189677     0.022160518      0.11983103     0.057440783       3.0479593      0.96725738     0.076194876   9.1323624e-05       7.3179113       12.089511        19.761606        92.20591     0.042864437       0.036975653       0.075979444     0.072631821        0.23383351      0.84041945      0.22232457        0.13955733        0.50032068      0.20498208          0.638323       1.9745614       1.0001083      0.99696541       -40.03083        -40.03083       2796.6947       2796.6947
              7       1358.2051       67.149181     0.022167051      0.11955096     0.057252301       3.0487477      0.96644272     0.076366381    8.916495e-05       7.5146716       11.948614        19.221179       92.802673     0.040986414       0.036162976       0.077927655     0.075340103        0.23860972      0.82921041      0.21875497        0.13840975        0.48234121      0.19439997        0.65689757       2.0589721       1.0000687      0.99693028      -40.303053       -40.303053       2797.0163       2797.0163
             29       1358.4486        67.16381     0.022165181      0.11960341     0.057275884       3.0496259      0.96635036     0.076869773   8.9542054e-05       7.4978969       11.781087        19.487988        90.80238     0.040675727       0.036373646       0.078599497     0.073312967        0.23483509      0.81652466      0.21891921        0.13605315        0.47227821      0.19045168        0.66398533       2.0221742       1.0001231      0.99688264      -40.346345       -40.346345       2797.5899       2797.5899
              1       1358.3418       67.155881     0.022159514      0.11958651     0.057381276        3.049497      0.96617065     0.077169289   8.9896334e-05       7.5093424       11.879062        18.857443       91.154455     0.040966916       0.036608867       0.079261419     0.072678474        0.23531439      0.81844151      0.22046251        0.13632756         0.4768188       0.1902415        0.66425983       2.0159853       1.0001031      0.99687907      -40.202499       -40.202499       2797.0887       2797.0887
              8       1359.9242       67.131888     0.022173342      0.11961475     0.056880089       3.0485062       0.9662459     0.076042594   9.2789197e-05       7.6503755       11.670232        17.787893       91.042091      0.04358463       0.037392974       0.081450764     0.070960585        0.23836865      0.81017791      0.22014366         0.1281766        0.46590698      0.18522121        0.66054845       2.0417545        1.000109      0.99678828      -40.166378       -40.166378       2800.1812       2800.1812
              9       1359.7833       67.134069     0.022172369      0.11962191     0.056897105       3.0485881      0.96624257     0.075971892   9.2684501e-05       7.6670167       11.660684        17.756352       91.004444     0.043771594       0.037416371       0.081419683      0.07104416        0.23802652      0.80981221      0.22003671        0.12843425        0.46633069      0.18482796        0.66057751       2.0444517       1.0001132      0.99678721      -40.188972       -40.188972       2799.9445       2799.9445
              6       1360.1852       67.186142     0.022166009      0.11987063     0.056539533       3.0502104      0.96558165     0.078517351   9.0942209e-05       7.7552562       11.877877        17.273278       90.086489     0.044208634       0.038199265       0.081831635     0.071850055        0.23459957      0.82994912      0.22128541        0.12463638        0.44868412      0.19442939        0.64740424       2.1109586       1.0001655       0.9968181      -40.097365       -40.097365       2800.5651       2800.5651
             18       1359.2793       67.241767     0.022185758       0.1198629     0.057133395       3.0499762        0.966497     0.077676579    8.838939e-05           7.405       12.074735        17.681578       89.781313     0.042928343       0.038547886       0.082840722     0.070116791        0.22935083      0.85790325      0.22062108        0.12868551        0.44258145      0.19433326        0.67762352       2.2225626       1.0001559      0.99677646        -39.7169         -39.7169       2797.9923       2797.9923
              1       1360.1226        67.23906     0.022180332      0.11987012     0.057099652       3.0500015      0.96642069     0.077578051   8.8436528e-05        7.401619       12.118826        17.521336       90.026144      0.04310835       0.038502858       0.083279718     0.070347168        0.22971426      0.86061051      0.22051763        0.12886448        0.43922452      0.19377538        0.67838577       2.2208829       1.0001576      0.99676747      -39.670288       -39.670288       2799.5857       2799.5857
              4       1360.1525       67.247654     0.022184749      0.11979073     0.057215733       3.0500769      0.96627458      0.07743652   8.9809159e-05       7.4270523       12.073669        17.722061       90.400404      0.04250191       0.038487907       0.084417907     0.069858946        0.22993823      0.86971039      0.22070417        0.12805801        0.43841492      0.19371974        0.67842144       2.2008086       1.0001763      0.99677299      -39.656394       -39.656394       2799.6179       2799.6179
              8       1360.1291       67.299807     0.022172494       0.1199421      0.05712806       3.0500374      0.96654479     0.078001111   8.7225866e-05       7.7311102       11.992077        17.956957       90.539058     0.042776029        0.03865331       0.084149579     0.071315589        0.22678608      0.85551904      0.21906402        0.12792682        0.43266916      0.19048437        0.68156633       2.1463043        1.000208      0.99674244      -39.948417       -39.948417        2800.155        2800.155
              2       1359.8822       67.306756     0.022171885      0.11992117     0.057101506        3.050019      0.96658842     0.077923243   8.7092954e-05       7.7263172       12.006236        18.013389       90.508897     0.042953173       0.038741867       0.084339395     0.071424111        0.22691822      0.85576922      0.21949077        0.12801316        0.43262531      0.19098757        0.68022562       2.1440059       1.0001955      0.99674634      -39.955661       -39.955661       2799.6757       2799.6757
              2       1361.2669       67.222738     0.022176624      0.12006977     0.056446553       3.0522455      0.96491192      0.07871525   8.7009773e-05       7.6292202       11.798337        18.004628       86.490383     0.046140146       0.039810006       0.085996196     0.074729015        0.22135598      0.82870643      0.21986707        0.12515602        0.42863833      0.19075013         0.6682904       2.2076639       1.0001883      0.99666771      -40.041783       -40.041783       2802.6175       2802.6175
              9       1360.6165       67.204943     0.022180888      0.12012556      0.05652227       3.0521915       0.9649628     0.078569681   8.6356568e-05       7.5732924       11.876229        17.881191       86.508791     0.046660104       0.039863014       0.087487323     0.071977922        0.21959707      0.82598204      0.21756757        0.12388551         0.4261498      0.18598086        0.66939444       2.1835145       1.0001299      0.99663122      -39.965224       -39.965224       2801.1635       2801.1635
             23       1360.0368       67.216319     0.022173436      0.12013646     0.056749348       3.0518583      0.96468439     0.078499188   8.6786495e-05         7.58048       11.794684         18.01113       86.855467     0.046875718       0.039647536       0.087945272     0.072395099        0.22031425      0.83801838      0.21792499        0.12453489        0.42013153       0.1834728        0.66315321       2.1814981       1.0001324      0.99660266        -39.8147         -39.8147        2799.703        2799.703
              6       1362.5061       67.231029     0.022179753      0.11983387     0.056444783       3.0521301      0.96538391     0.077998277   8.6109486e-05       7.5014838       11.891824         17.01455       85.650069      0.04665255         0.0397544       0.087556956     0.070730453        0.21512739       0.8629325      0.21350053         0.1285586        0.42438828      0.18943387        0.65961675       2.2651991       1.0001348      0.99660522       -39.68424        -39.68424       2804.3807       2804.3807
              5       1364.3615       67.245298     0.022264107       0.1199275     0.056628995        3.050397      0.96466086     0.078769261   9.3059208e-05       7.7666161       12.268552        16.913081       90.788668     0.045691974       0.040569868       0.084487728     0.070643418        0.21648794       0.9089414      0.20843769         0.1375791        0.39999861      0.16514916         0.6602638       2.3183887      0.99998324      0.99636101      -38.202746       -38.202746       2805.1285       2805.1285
              1       1360.2134       67.258768     0.022312846      0.11987615     0.057003886       3.0523243      0.96459471     0.077912746   9.1200517e-05       7.5367579       12.416463        16.793316       84.412815      0.04720685       0.042967399       0.089238567     0.073205556        0.20983015      0.92225091      0.21049558        0.13351129        0.38670189      0.19465244        0.65566835       2.3578922       1.0000554      0.99638938      -38.122281       -38.122281       2796.6713       2796.6713
              2       1357.7272       67.228123      0.02230241      0.12013909     0.057024934       3.0523564      0.96457778     0.078243749   8.9113109e-05       7.3995493       12.229617        17.091371       86.562356     0.047176982       0.043951758       0.090417324     0.073336823        0.20954511      0.90400811      0.21256091        0.13306861        0.39180096      0.19415049        0.65424089        2.414991       1.0001348      0.99642546      -38.335197       -38.335197       2792.1247       2792.1247
             12       1357.5799       67.234233     0.022302928      0.12014357     0.057029879       3.0521782      0.96460318     0.078293549   8.9066986e-05       7.4218836       12.210754        17.059365       86.493916     0.047111942       0.043957178       0.090713449     0.073436218        0.20924209       0.9033075      0.21250429        0.13352047        0.39158728      0.19431958        0.65325866       2.4142753       1.0001356      0.99642162      -38.333973       -38.333973       2791.8278       2791.8278
              1       1357.5229        67.22108     0.022305591      0.12017621      0.05720215       3.0522828      0.96435997     0.078304271   8.9370186e-05       7.3500256       12.231728        16.866674       86.696602     0.047010952       0.043752532       0.091005054     0.072922319        0.20853782       0.8997889      0.21256164        0.13552994         0.3939048      0.19543068        0.65196375       2.3918107       1.0001267      0.99642634      -38.361307       -38.361307       2791.7683       2791.7683
             29       1356.5464       67.200963     0.022278774      0.12010519     0.057255846       3.0513952      0.96501779     0.077761251   8.9256432e-05       7.3290959       12.237109        17.941664       88.117933     0.049338037       0.043023824       0.094662778     0.071346335        0.21314675      0.90724903      0.21630372         0.1396935        0.38681537      0.20624357        0.66904583       2.3544581       1.0001187      0.99646328      -38.484848       -38.484848       2790.0625       2790.0625
              2       1356.0506       67.050644     0.022305712      0.12025064     0.057177466       3.0520057      0.96533339     0.074951254    8.947231e-05       7.2229903       11.691769        18.272876       89.966945     0.048498848       0.044443531       0.098239622     0.073931634        0.20441245      0.86479031      0.20824763        0.14200464        0.41223235      0.21518459        0.67871333       2.3107989       1.0002635      0.99630883       -38.90151        -38.90151       2789.9043       2789.9043
              7       1355.6542       67.037651     0.022310389      0.12025381     0.057076258       3.0514828      0.96535484     0.074828023   8.9752673e-05       7.3001555        11.60411        18.277474       90.033982     0.048391002       0.044585538       0.098725001     0.074322278        0.20562208      0.87012129      0.20643415        0.14122506        0.40753729      0.21444711        0.67633893        2.300265       1.0002402      0.99631546      -39.019089       -39.019089       2789.3466       2789.3466
              8       1358.5339       67.074041     0.022291799      0.12029217     0.056891941       3.0514198      0.96590364     0.075240249   9.1093413e-05       7.4330939       11.613505        18.323524        92.09639     0.049503341       0.044638023         0.1012737      0.07296119        0.20502742      0.86682456      0.20756066        0.14618834        0.41752471      0.21077479        0.68396352       2.3029323       1.0002503      0.99624513       -38.72095        -38.72095       2794.5096       2794.5096
