#        weight    minuslogpost              H0           ombh2           omch2             tau          ln10As              ns          DVCH_n       DVCH_beta    gal545_A_100    gal545_A_143 gal545_A_143_217    gal545_A_217   galf_EE_A_100 galf_EE_A_100_143 galf_EE_A_100_217   galf_EE_A_143 galf_EE_A_143_217   galf_EE_A_217   galf_TE_A_100 galf_TE_A_100_143 galf_TE_A_100_217   galf_TE_A_143 galf_TE_A_143_217   galf_TE_A_217      calib_100T      calib_217T   minuslogprior minuslogprior__0            chi2 chi2__dvch_plik
             37       1360.8264       67.642425     0.022491129      0.11981469     0.051335084       3.0398026       0.9653236      0.10133376   0.00053304214       8.9155608        9.738628        19.980178       94.438161     0.046471114       0.035733692       0.081572391     0.073025511        0.24383058       1.1335474     0.086393058        0.15097369        0.45291294      0.23278319        0.43595114       1.3123709       1.0003861      0.99857635       -36.34641        -36.34641       2794.3456       2794.3456
             53       1360.9482       67.651959     0.022587329      0.11967009     0.050626998       3.0391057      0.96512476      0.10183493   0.00043569827       8.6169317       9.7421199         19.17218       94.859693     0.046518654       0.035470487       0.084002628     0.073158685        0.23945465       1.1605932     0.081982078        0.15094527         0.4324812      0.22757812        0.45349435       1.1996114       1.0004368      0.99821728      -36.444293       -36.444293       2794.7849       2794.7849
             28       1361.0229       67.650682     0.022583311      0.11961804     0.050636311       3.0391108      0.96512192      0.10195877   0.00043748563       8.6295147       9.7779726        19.229046       95.049623     0.046416975       0.035396444       0.083277213     0.073404075        0.23927612       1.1595979      0.08208067        0.15006972        0.43362046      0.22510345        0.45137251       1.1996393       1.0003921      0.99826841      -36.417882       -36.417882       2794.8815       2794.8815
             67       1360.4084       67.652383     0.022562157       0.1196247     0.050739469       3.0391186      0.96498011      0.10190117     0.000394355       8.6729047       9.7700738        19.212194       94.976534     0.047060881       0.035412611       0.082890223      0.07267037        0.23962826       1.1559669     0.084023614        0.15055756        0.43562827        0.223812        0.45031427       1.2161825       1.0004302      0.99826778      -36.511621       -36.511621         2793.84         2793.84
              1       1359.8928       67.640488     0.022567143       0.1196905     0.050663447       3.0390502      0.96486352        0.101627   0.00040172366         8.57844       9.8019584        19.271582       94.887192     0.046924656       0.035514787       0.084096745     0.072326774        0.23874896       1.1589884     0.084170031        0.14828998        0.43283436      0.22511634        0.44932432       1.2593553       1.0003923      0.99825675      -36.624259       -36.624259       2793.0342       2793.0342
             77        1359.647       67.643529     0.022557458       0.1196768     0.050680182       3.0389836       0.9648622      0.10156942   0.00040026575       8.5733709       9.8203862        19.342893       94.966517     0.046950972       0.035451772       0.084050624     0.072273785        0.23857882       1.1574737     0.084640268        0.14796195        0.43498322       0.2245481        0.44862554       1.2736358       1.0003917      0.99827001       -36.68181        -36.68181       2792.6576       2792.6576
              3       1361.3717       67.653159      0.02265232      0.11978934      0.05100874       3.0391549      0.96505913      0.10168934   0.00056364213       8.7092992       9.7916608        19.668805       95.740113     0.046116448       0.034491846       0.081443205     0.073232925        0.24135071        1.144799     0.085471835        0.14847648        0.45665272      0.22157942        0.44439557       1.2815007       1.0003923      0.99825948      -36.673932       -36.673932       2796.0913       2796.0913
             32       1361.5116       67.662711      0.02266064      0.11980515     0.051113183       3.0391475      0.96506795      0.10160232   0.00052654905       8.7466368       9.7247377        19.684943       95.589596          0.0465       0.034405526       0.081402198     0.072654455        0.24190911       1.1372221     0.087412339        0.14955537        0.46191407      0.22159182        0.44600915       1.2724303       1.0003961      0.99827841      -36.802308       -36.802308       2796.6278       2796.6278
             37       1361.9811       67.621258      0.02263936      0.11979556     0.050778152        3.038834      0.96524448      0.10108658   0.00050164665       8.4880245       9.6984811        19.480832       95.655184     0.044570013       0.034378254       0.083813375     0.073073315        0.24192491       1.1616382     0.081239696         0.1474717        0.45231279      0.22682161        0.44985121       1.2537669       1.0002167      0.99820412      -36.408973       -36.408973       2796.7801       2796.7801
             14       1362.0311       67.648149     0.022542159      0.11956263     0.050854511       3.0391957      0.96523253      0.10029573   0.00049421779       8.6215981       9.7673951        19.200613       96.488426      0.04601244       0.033398503        0.08092753     0.074931453        0.24418372       1.1308024     0.083239933        0.15042135         0.4739027      0.21369338        0.45498524       1.2856395       1.0005295      0.99825964      -36.916312       -36.916312       2797.8948       2797.8948
              5          1362.1       67.645765     0.022488577      0.11961177     0.050779616       3.0387658      0.96514614     0.099882194   0.00043386909       8.5007518       9.7653652        18.919254       95.712722     0.044256352       0.033462697       0.082649868     0.074092608        0.24420539       1.1466152     0.080596217        0.14954102        0.46515268      0.22389477        0.46243699       1.2577546       1.0005282      0.99820615      -36.728548       -36.728548       2797.6572       2797.6572
             30       1361.3823       67.660256     0.022544681      0.11960083     0.051127854       3.0391747      0.96503149      0.10031313   0.00035640124        8.661458       9.8198491        18.913908       95.966495     0.045034689       0.033967727       0.081234792     0.073521383        0.24222505       1.1366256     0.081644589        0.14973667        0.47175188      0.21869378        0.46220666       1.3197631       1.0004915      0.99821926      -37.108381       -37.108381       2796.9813       2796.9813
             58       1361.5014       67.639869     0.022470771      0.11980878     0.050775109       3.0382517      0.96500609     0.099053538   0.00026947233       8.4255287         9.91228        19.461169       96.062146     0.043370888       0.033928274       0.083642419      0.07199759        0.24223742       1.1643292     0.080799765        0.14284517        0.47353707      0.22707214        0.45912613       1.4055922       1.0002882      0.99822864      -36.877113       -36.877113        2796.757        2796.757
             45       1360.5025       67.618197      0.02250844        0.119739     0.050727687       3.0382659      0.96500511     0.098744476   0.00018390642       8.4251309       9.9645881        19.162132       96.086455     0.043041925       0.034139511       0.082836526     0.072238997        0.24240994       1.1688827     0.081044108        0.14001673        0.47112825      0.22523593        0.45832872       1.4201946       1.0000564       0.9982388      -36.811961       -36.811961        2794.629        2794.629
              1       1360.4113       67.668195     0.022529345      0.11963579     0.050938221       3.0388131      0.96486488     0.099615533   0.00013541912       8.8043194       9.9557473        19.062818       96.267646     0.045064192       0.034775599       0.081709352     0.073919126        0.23942171       1.1452384     0.082419386        0.14714888        0.46598626      0.21716609        0.46300879       1.3236241       1.0000961      0.99820555      -37.297348       -37.297348       2795.4174       2795.4174
              2       1359.8303       67.652084     0.022425495       0.1196131     0.050977827       3.0390533      0.96407884     0.099055234   7.4126087e-05       8.8415372       9.8915223        19.014212       95.820719     0.046599338       0.035418949       0.082507643     0.071014782        0.24011513       1.1259368     0.089055579        0.14433194        0.47845031      0.21478414        0.46376898       1.4623117        1.000009      0.99809578      -38.044191       -38.044191       2795.7489       2795.7489
             17        1360.257       67.681688     0.022390263       0.1194914     0.051539659       3.0396184      0.96376604      0.09913083   0.00021472724       9.0034913       10.315985        19.389888       96.732578     0.047578417       0.034654681       0.076663913     0.072990608        0.24128848       1.0919152     0.093810029        0.14306325        0.50868651      0.19089384        0.45781873       1.6168333       1.0002085      0.99844701       -38.27992        -38.27992       2797.0738       2797.0738
              9       1358.3215       67.589151     0.022617334      0.11987859      0.05180558       3.0395808      0.96412157     0.097071905   0.00014256561       8.3037714       10.972433        20.764967       97.549516     0.042182757       0.036387922       0.083206095     0.075176608        0.24167138       1.1578913     0.093014591        0.12566287        0.49994517      0.20242156        0.44869874       1.9534025      0.99967186      0.99854326      -37.130294       -37.130294       2790.9035       2790.9035
              3       1357.9209       67.570665     0.022577499      0.11986773     0.051655706       3.0393462      0.96408791      0.09675295   0.00014033357       8.1797144       10.983611        20.693322       97.422919     0.041589349        0.03634927       0.084311152     0.075285031        0.24201019       1.1658239     0.091862037        0.12382987        0.49498794      0.20542431        0.44949149       1.9531543      0.99962135      0.99852539      -36.962384       -36.962384       2789.7665       2789.7665
              5       1359.5945       67.526196      0.02245466      0.11994342     0.051211193       3.0391082      0.96374862     0.096333508   0.00017792327       7.9438602       10.860873        20.839886       95.925902     0.040303934       0.036389866       0.087178554     0.073227478         0.2440652       1.1855934     0.090094482        0.12075613        0.49089049      0.21194117        0.45170574       1.9815029      0.99958338      0.99857963      -36.460655       -36.460655       2792.1104       2792.1104
             49       1359.5607       67.527804     0.022481037      0.11996358     0.051210731       3.0390658      0.96377892      0.09634208   0.00017070594       7.9686807        10.84671        20.876725       95.918235     0.040362093       0.036312834       0.087052193     0.073106516         0.2443289         1.18575     0.090375276         0.1212613        0.49212187      0.21298098        0.45150047       1.9720205      0.99959091       0.9985777      -36.468841       -36.468841       2792.0591       2792.0591
             24       1358.0215       67.517253     0.022439886      0.11994793     0.050881076        3.039245      0.96381251     0.096542754   0.00013545025       7.9150408        10.69615         20.36124       95.829379     0.040716495       0.036517319       0.088368251     0.074154062        0.24485271       1.1863475     0.087518724        0.12251873        0.48060544      0.21320474        0.45736972       1.8966546      0.99957625      0.99856761      -36.649154       -36.649154       2789.3413       2789.3413
             17       1357.6986       67.683846     0.022585386       0.1196867     0.051837011       3.0399731      0.96294347      0.10224216   0.00047433752        9.692316       10.754505        19.885883       95.890606     0.048157915       0.036546471       0.073467977      0.07121423        0.24922274       1.0880873      0.10506147        0.14844109         0.4743453       0.1914286        0.46157593       1.6388115       1.0001997      0.99820512      -38.624645       -38.624645       2792.6464       2792.6464
             38       1357.5658       67.673648     0.022594759       0.1197309     0.051522304       3.0399378      0.96299635      0.10202686   0.00047277994        9.507843       10.714157        19.773091       96.047105     0.047840982       0.035780797       0.073582315     0.071651894        0.25159398       1.0909376       0.1040051         0.1475989        0.47270428      0.19445721        0.46176008       1.6259627       1.0001428      0.99819685      -38.569352       -38.569352       2792.2704       2792.2704
             12       1358.7327       67.680911     0.022450183      0.11955074     0.051271304       3.0392527      0.96285673      0.10103723   0.00037318187       9.2371757       10.871854        20.004197       96.938447     0.047550198       0.035466153       0.075041791      0.07101552        0.24866628       1.0961253      0.10388931        0.14490311        0.48433266      0.18677929        0.45878466       1.7474107       1.0001206      0.99825808      -38.580638       -38.580638       2794.6267       2794.6267
             18       1358.3143       67.664082     0.022429122      0.11951695     0.051066513       3.0395543      0.96301251      0.10122254    0.0001809868       9.1267562       10.725176        19.558438       96.333649     0.048123193       0.036092015       0.074966836     0.071622637        0.24912107       1.0918172      0.09987639        0.14691168        0.46786971      0.19392496         0.4667134       1.6479116       1.0000924      0.99805135      -38.850219       -38.850219       2794.3291       2794.3291
              3          1358.5       67.666231     0.022419409      0.11952303     0.051106879       3.0394979      0.96303748      0.10117277   0.00018580228       9.1217553         10.7379        19.626374       96.406034     0.047986759       0.036108488       0.075092685     0.071735158        0.24884334       1.0916378     0.099802709        0.14701078        0.46847455       0.1941861        0.46661418       1.6521937       1.0001087      0.99804047      -38.865476       -38.865476        2794.731        2794.731
             29        1359.486        67.63375     0.022641872      0.11974615     0.051037675       3.0374769      0.96366938     0.099597205   0.00029993916       8.6895582       10.704129        20.062019       95.711406     0.045529345       0.035557611       0.079830059     0.072211244        0.24230252       1.1245988     0.092836092        0.14562636        0.45142277      0.22151665        0.44989411       1.5708783      0.99960716      0.99807159      -37.598524       -37.598524       2794.1691       2794.1691
             39       1360.2533       67.656428     0.022648263      0.11970552     0.051262687       3.0374856      0.96371404     0.099774298   0.00025196476       8.9525929        10.65471        20.466225       96.101717     0.046971875       0.036046241       0.077926514     0.070852333        0.23824064       1.1110069     0.095699151        0.14885681        0.45948416      0.21737598        0.44365771        1.550238      0.99967678      0.99803532      -37.706652       -37.706652       2795.9198       2795.9198
              7       1359.4073       67.660582      0.02264938      0.11969218     0.051334151       3.0378852      0.96352598      0.10005843   0.00025196435       9.0356245       10.660911        20.395559       96.267852     0.048155078       0.036379808       0.077316819     0.070881796        0.23810242       1.1038763     0.097311515        0.14927495        0.46015929      0.21471549        0.44373558       1.5779166      0.99971396      0.99806334      -37.929653       -37.929653       2794.6738       2794.6738
             12       1359.4417       67.669012      0.02267334      0.11963256     0.051297837       3.0382441      0.96372611      0.10056793   0.00026540723       9.1261528       10.571607        20.095544       96.162389     0.048559965       0.036227102       0.076167312     0.071792569        0.24014203       1.0994048     0.096139918        0.15311963        0.45834737      0.21226897        0.44682294       1.4885672      0.99978258      0.99809648      -37.885602       -37.885602       2794.6546       2794.6546
             44       1364.8786       67.627765     0.022580727      0.11993217     0.050382903       3.0363939        0.962052     0.096692164   0.00078596565       8.3069981        11.59562        21.279811       96.735847      0.04477316       0.037107715       0.083276998     0.068405243        0.22882215       1.1640522     0.098941514        0.13253388        0.49475874      0.18782373        0.44084037       2.1974305      0.99971572      0.99873298      -36.605549       -36.605549       2802.9683       2802.9683
             79       1364.2123       67.610549      0.02258551      0.11989561     0.050271366       3.0361866      0.96216395     0.096590303    0.0008099707       8.2329155         11.6049        21.314421       96.790223     0.043867303       0.037009283       0.083812168     0.068680861        0.22930353       1.1754723     0.096894423        0.13106742        0.49141007      0.18949124        0.44010085        2.187951      0.99967835      0.99870809      -36.367705       -36.367705       2801.1599       2801.1599
              8       1364.2808       67.603005     0.022565188      0.11989564     0.050280038       3.0360314      0.96223288     0.096386279    0.0008465978       8.2112847       11.563141         21.19097       96.943797     0.043497922        0.03674105       0.083251322     0.068531902        0.23089182       1.1769067     0.096023293        0.13093307        0.49299116      0.19037895        0.44193943       2.1705853      0.99964601       0.9987291      -36.272983       -36.272983       2801.1077       2801.1077
              3       1362.8357       67.583431      0.02260805      0.12019324     0.050723292        3.038368      0.96175419     0.098724812   0.00088278872       8.5009995       10.658083        18.867911       93.133695     0.046933539       0.040311778       0.084220921     0.068021326        0.23288116       1.1967076     0.093003532        0.14208472        0.40723348      0.22212498        0.46557114       1.7796458      0.99935607      0.99838294      -36.757626       -36.757626       2799.1867       2799.1867
              9       1362.2719       67.560542     0.022631781      0.12020303     0.050450401       3.0380734      0.96173164     0.098433096   0.00086058792       8.4535128       10.628097         18.84019       93.234377     0.047195364       0.040508623       0.084177759     0.067698861        0.23323569       1.2014933     0.092790444        0.14103436         0.4038011      0.21983226        0.46331896       1.7951217      0.99935332      0.99845872      -36.536428       -36.536428       2797.6167       2797.6167
              7       1362.1214       67.559861     0.022635775      0.12019845     0.050468841       3.0381885      0.96170816     0.098609608   0.00087069559       8.4842196       10.633142        18.767844       93.099485     0.047160846       0.040575254       0.084058509     0.067769659        0.23307987       1.2036658     0.092441611        0.14131583        0.40144211      0.21984557        0.46415968       1.7852262      0.99937115      0.99843157      -36.547297       -36.547297       2797.3374       2797.3374
              3       1361.1535        67.55843     0.022654769      0.11999359     0.050231236       3.0380242      0.96155455     0.098475997   0.00092103086       8.4931105       10.586959        18.533722       93.329783     0.048017603       0.039978277       0.082335302     0.066553097        0.23328993       1.1849204     0.094991313        0.14417683        0.40172339      0.21999018        0.46336121       1.7521147      0.99945214      0.99852014      -36.792276       -36.792276       2795.8916       2795.8916
              3       1361.0227       67.568824     0.022635203      0.12000837     0.050237045       3.0380362      0.96154033      0.09873192   0.00089846551       8.5595762       10.671644        18.591734       93.542335     0.048439504        0.04001148       0.081484967     0.066522288        0.23183672       1.1832878      0.09479647        0.14500238        0.40527103      0.21413662        0.46072289       1.7833192      0.99945214      0.99853231       -36.78013        -36.78013       2795.6056       2795.6056
